java/reframeJava_export_HTRANS_grid/bougan-ascii.grd
ncols 409
nrows 281
xllcorner 42000.0
yllcorner 460000.0
cellsize 1000.0
NODATA_value -9999
[rows 208 to 233 of 281, columns 348 to 405 of 409]
-114.9883 -114.55909 -112.96989 -114.85619 -112.70871 -112.83986 -111.56224 -108.91101 -104.97811 -104.84624 -107.99613 -104.50477 -106.90697 -107.07738 -106.26298 -107.20159 -107.35853 -106.38552 -105.12831 -103.90317 -102.42744 -100.84878 -101.90001 -102.55621 -101.68029 -97.78932 -101.78282 -100.48912 -99.55315 -99.07949 -97.82344 -97.41541 -95.62859 -132.64786 -131.5803 -130.60287 -129.72578 -128.95099 -128.28036 -127.70503 -127.20621 -126.77141 -126.375656 -125.983986 -125.57207 -125.096886 -124.50154 -123.730286 -122.707375 -121.359024 -119.64033 -117.558624 -115.1326 -112.38175 -109.30789 -105.905876 -102.20898 -98.26205
-111.49708 -110.21598 -109.73726 -108.23519 -108.9318 -104.27797 -109.1793 -109.08639 -102.40339 -106.69551 -106.0788 -105.27264 -104.94637 -105.32862 -105.60278 -105.62307 -104.73105 -104.00336 -101.86337 -101.1138 -102.23609 -101.10544 -99.04922 -101.12746 -101.35306 -100.7466 -99.6526 -98.30698 -97.9632 -97.71999 -96.33471 -95.50763 -94.18945 -132.46889 -131.36566 -130.33508 -129.3864 -128.52292 -127.7471 -127.05152 -126.42199 -125.84762 -125.30642 -124.77143 -124.22087 -123.61705 -122.913666 -122.05817 -120.9845 -119.64961 -118.02452 -116.09673 -113.8593 -111.30863 -108.43041 -105.214485 -101.68464 -97.88264
-109.18923 -109.04368 -108.05873 -106.1326 -106.36314 -98.73294 -99.73605 -106.66831 -100.07029 -104.90024 -103.53711 -103.10308 -103.48351 -103.86343 -103.60717 -102.93585 -102.45126 -100.66745 -99.30914 -99.94506 -99.42419 -99.08471 -100.92677 -96.26435 -96.86768 -98.15799 -97.61355 -97.18957 -96.70173 -95.38743 -97.55967 -92.16399 -97.178 -132.04407 -130.88556 -129.7802 -128.73941 -127.76709 -126.862976 -126.026 -125.2456 -124.50822 -123.803734 -123.11117 -122.4087 -121.675766 -120.87437 -119.95407 -118.850235 -117.55038 -116.032005 -114.274216 -112.251884 -109.9338 -107.297806 -104.321915 -101.011215 -97.411316
-106.75739 -107.0671 -106.32703 -98.80344 -103.84006 -105.8212 -100.00727 -101.21141 -103.73601 -102.40872 -101.41853 -101.8609 -99.77592 -101.66969 -101.92945 -103.52385 -100.03116 -99.71026 -98.58318 -96.02197 -94.7992 -96.60332 -98.22665 -97.55211 -96.86593 -95.49911 -95.25256 -95.61507 -94.38964 -96.55928 -95.20294 -96.44385 -95.39919 -131.37234 -130.13794 -128.94046 -127.78835 -126.685585 -125.63667 -124.63934 -123.685585 -122.77209 -121.88842 -121.02042 -120.16184 -119.295876 -118.399864 -117.4379 -116.318634 -115.07498 -113.68515 -112.11694 -110.32968 -108.28099 -105.926735 -103.22992 -100.190834 -96.83381
-101.4076 -105.15498 -104.13845 -102.91866 -95.31022 -99.3695 -92.78033 -94.24183 -96.00345 -100.00748 -99.62756 -101.61151 -97.83672 -100.38703 -99.42889 -100.95899 -98.26685 -97.86755 -97.22282 -94.77421 -93.72062 -92.69629 -93.6024 -96.05611 -96.11265 -95.36374 -93.34718 -96.06064 -95.52425 -95.11764 -94.19734 -93.78795 -88.55529 -130.46053 -129.13493 -127.82789 -126.54746 -125.29987 -124.0889 -122.91478 -121.775986 -120.67055 -119.59421 -118.54429 -117.519066 -116.51196 -115.5128 -114.49279 -113.404884 -112.2536 -111.01487 -109.653465 -108.12296 -106.364334 -104.32035 -101.94508 -99.21701 -96.1453
-101.24209 -102.04272 -101.95906 -94.43258 -93.32074 -92.74149 -97.76924 -99.21521 -92.54995 -99.19323 -99.80502 -99.58085 -95.79706 -96.66293 -97.39499 -97.24177 -97.78647 -97.20362 -96.10561 -95.33134 -92.45537 -94.02412 -95.69217 -90.59947 -94.04732 -89.88857 -95.02959 -90.13774 -94.01945 -89.70738 -88.29827 -87.75457 -87.52683 -129.32791 -127.89782 -126.46845 -125.04819 -123.643974 -122.25992 -120.89974 -119.566185 -118.25982 -116.98482 -115.74659 -114.550705 -113.4039 -112.30695 -111.248 -110.20062 -109.15408 -108.08059 -106.93411 -105.665794 -104.206665 -102.48915 -100.456184 -98.067215 -95.31091
-99.90888 -99.25982 -98.62482 -96.86373 -92.71811 -92.03113 -98.21548 -96.09415 -98.19775 -96.02748 -98.2769 -98.25927 -94.77437 -97.70655 -95.92622 -95.93983 -96.09987 -95.95065 -95.43547 -92.32303 -93.4812 -92.89754 -94.29193 -93.41631 -90.45539 -92.92054 -93.40779 -93.93225 -93.44787 -91.12593 -86.44444 -89.95993 -88.53549 -127.99921 -126.45559 -124.89639 -123.32955 -121.76293 -120.20188 -118.65235 -117.1208 -115.61264 -114.13728 -112.708694 -111.343216 -110.05987 -108.876854 -107.79255 -106.79225 -105.86026 -104.94916 -104.01324 -103.00005 -101.82839 -100.427765 -98.73008 -96.68086 -94.239044
-97.91133 -97.55651 -96.84313 -97.09039 -91.02373 -90.82152 -89.93798 -92.78279 -97.52495 -89.92608 -93.82973 -96.54577 -96.54455 -93.2937 -93.93911 -92.92153 -92.72805 -92.31616 -92.54813 -91.59312 -92.4941 -90.48457 -92.2092 -91.38531 -88.85789 -93.0332 -92.27309 -92.45082 -89.54275 -89.54622 -88.59911 -86.89741 -87.27531 -126.49946 -124.83792 -123.14595 -121.43153 -119.70297 -117.967064 -116.23209 -114.50747 -112.802284 -111.13158 -109.516884 -107.98501 -106.57093 -105.310394 -104.216774 -103.27521 -102.45559 -101.70018 -100.95644 -100.163826 -99.23862 -98.109024 -96.70252 -94.95849 -92.811584
-91.95765 -94.90936 -95.40871 -92.25559 -107.13116 -96.45926 -96.11122 -95.82904 -96.08887 -92.47342 -91.14862 -96.80624 -91.1485 -92.01802 -91.2934 -90.89025 -90.29152 -91.9071 -89.84594 -89.5125 -93.27402 -91.33862 -90.69713 -92.77698 -86.88707 -91.46948 -90.79419 -85.47597 -84.31015 -84.24957 -87.26314 -86.0675 -85.38889 -124.85127 -123.07136 -121.24866 -119.39082 -117.50644 -115.605125 -113.69586 -111.7902 -109.90196 -108.04849 -106.25693 -104.565605 -103.024956 -101.69358 -100.610664 -99.740906 -99.03088 -98.41924 -97.82892 -97.19735 -96.4456 -95.493256 -94.2769 -92.73943 -90.818756
-115.6864 -93.34098 -92.18263 -92.6815 -92.93127 -90.34175 -89.83011 -91.75893 -94.28722 -91.90905 -90.54675 -89.70686 -88.92247 -87.81377 -89.79045 -87.96268 -89.06398 -88.49299 -91.07578 -87.94025 -88.23125 -84.44266 -91.24938 -90.99558 -89.97069 -89.24771 -88.48544 -87.41945 -86.6623 -82.63918 -84.13207 -85.71857 -84.10293 -123.07133 -121.176254 -119.22813 -117.23532 -115.207184 -113.154564 -111.089096 -109.024055 -106.97443 -104.96076 -103.012115 -101.172035 -99.50706 -98.109505 -97.05713 -96.27472 -95.679214 -95.17437 -94.68671 -94.1461 -93.45758 -92.549034 -91.35042 -89.83245 -87.95815
-93.15159 -106.96256 -100.45763 -78.65068 -87.61571 -89.86308 -90.871 -94.94613 -90.0192 -88.81132 -87.21115 -86.98351 -86.40524 -86.60654 -86.23877 -88.15998 -86.84247 -86.93762 -86.04055 -87.24788 -62.14617 -83.22238 -88.92536 -88.38585 -88.17141 -87.51747 -86.58077 -82.37921 -83.89957 -82.36469 -82.61213 -82.72934 -82.16753 -121.17043 -119.165695 -117.10069 -114.984604 -112.82772 -110.64374 -108.44621 -106.24951 -104.071556 -101.933235 -99.86174 -97.90068 -96.12123 -94.64872 -93.66866 -92.99273 -92.49052 -92.05744 -91.61178 -91.064835 -90.31913 -89.29134 -87.900734 -86.109474 -83.86257
-83.95676 -97.05802 -90.48468 -82.35392 -82.94066 -87.90175 -88.92663 -87.52144 -86.19779 -81.76615 -70.58835 -85.14186 -84.88789 -85.85041 -86.05903 -86.16426 -85.52934 -88.99137 -84.30711 -86.54447 -86.82255 -88.08889 -81.31035 -86.35408 -85.77769 -85.16695 -84.52393 -83.10158 -82.27517 -82.25937 -81.60098 -81.08211 -80.52462 -119.153275 -117.04632 -114.87368 -112.647606 -110.37996 -108.08639 -105.78444 -103.490715 -101.225426 -99.01151 -96.87502 -94.85333 -93.00628 -91.45365 -90.5927 -90.00916 -89.55956 -89.14959 -88.673454 -88.03165 -87.11554 -85.82641 -84.07937 -81.82293 -79.04126
-101.04874 -81.35557 -82.6733 -85.20244 -93.38731 -95.36882 -92.88988 -88.66583 -85.10389 -80.68077 -76.94774 -73.17131 -91.61851 -65.0721 -65.51664 -75.44637 -86.98459 -83.56264 -84.85401 -87.7836 -85.18939 -61.55805 -84.96994 -84.20021 -78.29932 -77.68476 -78.87675 -78.68024 -77.88525 -80.54166 -82.25484 -81.26693 -80.98574 -117.022385 -114.81945 -112.55015 -110.22739 -107.86532 -105.48537 -103.10741 -100.75165 -98.44459 -96.212204 -94.08463 -92.107735 -90.34971 -88.92898 -88.01788 -87.407684 -86.94392 -86.490486 -85.92786 -85.127045 -83.964195 -82.32954 -80.12289 -77.33009 -73.95818
-99.25031 -91.02279 -74.85383 -82.75518 -93.03411 -91.30769 -92.51606 -88.88793 -87.60023 -81.06963 -91.75439 -90.90399 -69.02852 -64.163 -61.79129 -66.77137 -85.04308 -84.76711 -77.07537 -72.5984 -79.72429 -79.08593 -83.49842 -81.61856 -81.86744 -79.1075 -79.3005 -79.14342 -76.09918 -79.639 -80.21683 -77.23017 -76.80554 -114.77608 -112.4849 -110.12742 -107.71933 -105.279305 -102.83261 -100.403786 -98.01906 -95.71 -93.50759 -91.4477 -89.57792 -87.95906 -86.66941 -85.76247 -85.12641 -84.62078 -84.09994 -83.42087 -82.426285 -80.98222 -78.96693 -76.29148 -72.959114 -69.02045
-110.70417 -73.92104 -72.78811 -74.18097 -73.5473 -92.41785 -90.35357 -89.07882 -86.99365 -90.25733 -80.3126 -88.93257 -65.24621 -62.65783 -64.90289 -88.03621 -86.68195 -86.47524 -87.7411 -79.11163 -73.61523 -62.79335 -84.59447 -76.70442 -79.52322 -76.14271 -75.2323 -75.17148 -77.52449 -74.82377 -75.31637 -77.62364 -76.70693 -112.41434 -110.04109 -107.60175 -105.118034 -102.61273 -100.1139 -97.654724 -95.2668 -92.9851 -90.84776 -88.89188 -87.159615 -85.696495 -84.54049 -83.694214 -83.07101 -82.54329 -81.963326 -81.16848 -79.99003 -78.27155 -75.90543 -72.81217 -69.00638 -64.59476
-70.18369 -86.35349 -70.97816 -101.2438 -89.10672 -101.50832 -86.92198 -87.02508 -86.41249 -81.28574 -76.98328 -80.15643 -82.36192 -68.58768 -80.40837 -85.35301 -85.4601 -66.89692 -76.82963 -86.68154 -75.90795 -86.27094 -58.41872 -75.07822 -75.18059 -74.74113 -76.94193 -73.77587 -74.17938 -73.61744 -73.4251 -72.97236 -75.35352 -109.9405 -107.488335 -104.973946 -102.42094 -99.85638 -97.31751 -94.84112 -92.46474 -90.23158 -88.18039 -86.347824 -84.76977 -83.47236 -82.466156 -81.722984 -81.160774 -80.65442 -80.05144 -79.182686 -77.85794 -75.93842 -73.30294 -69.88154 -65.73094 -60.96626
-65.63834 -65.60306 -67.68323 -68.95281 -69.86552 -81.86624 -87.13454 -79.37066 -85.88809 -73.67745 -80.9937 -79.7041 -80.4381 -67.88513 -79.49341 -83.10609 -69.5697 -75.11132 -82.37708 -82.4789 -80.53153 -75.37177 -70.2583 -67.89573 -74.44811 -74.00424 -72.69534 -72.83336 -72.8604 -74.21214 -71.64504 -73.65164 -71.47034 -107.35654 -104.830055 -102.24303 -99.62323 -97.00437 -94.429146 -91.9411 -89.58581 -87.41046 -85.45627 -83.759094 -82.34554 -81.22624 -80.38983 -79.78976 -79.33727 -78.90154 -78.329315 -77.44473 -76.05837 -74.03022 -71.24344 -67.65691 -63.334465 -58.41441
-58.52025 -64.45768 -64.71693 -64.60155 -67.11261 -104.67502 -104.15055 -69.09406 -86.10436 -83.62806 -74.02313 -74.22502 -78.9951 -77.42488 -78.64784 -81.62043 -72.6555 -80.14885 -80.11675 -80.16423 -71.27309 -77.07062 -77.71893 -67.52151 -72.80791 -72.32928 -72.27635 -71.96066 -71.79242 -70.76063 -70.88155 -72.40604 -72.41966 -104.669174 -102.071686 -99.41267 -96.72703 -94.05387 -91.44061 -88.94128 -86.60805 -84.49196 -82.63898 -81.08258 -79.84125 -78.91292 -78.268715 -77.84706 -77.548904 -77.23969 -76.7574 -75.93338 -74.58666 -72.56392 -69.78553 -66.21744 -61.935406 -57.090397
-58.15228 -62.09208 -62.64928 -63.35295 -109.34057 -64.37931 -64.12017 -65.19138 -65.57702 -86.66969 -82.17217 -69.28106 -72.13444 -72.82003 -71.71655 -79.76087 -80.15246 -76.48689 -76.36525 -75.36236 -74.06574 -77.33185 -76.22271 -64.78388 -69.94355 -71.3396 -69.34407 -70.44592 -70.27335 -70.62257 -70.74507 -70.93702 -70.54446 -101.890144 -99.22344 -96.49536 -93.74268 -91.009926 -88.35539 -85.83864 -83.52037 -81.459946 -79.70522 -78.289764 -77.225945 -76.50021 -76.06958 -75.859085 -75.76024 -75.62888 -75.31122 -74.6356 -73.42143 -71.55246 -68.939316 -65.56914 -61.528435 -56.961754
-58.44262 -51.94766 -60.61096 -96.78281 -61.5106 -62.76598 -61.82757 -95.51175 -98.50208 -94.5028 -66.16255 -68.33236 -69.09752 -70.99205 -73.35351 -77.38483 -75.54258 -76.11458 -74.65656 -72.35827 -70.7576 -65.71533 -64.95137 -61.97382 -55.60515 -68.7579 -68.46566 -68.53993 -68.22359 -69.11675 -70.06217 -70.03604 -70.15621 -99.03102 -96.30156 -93.50552 -90.68342 -87.88743 -85.18258 -82.6376 -80.32418 -78.308495 -76.64414 -75.3665 -74.48267 -73.969696 -73.77156 -73.80067 -73.93869 -74.03871 -73.94625 -73.49497 -72.526634 -70.93041 -68.63101 -65.635185 -62.031643 -57.966183
-56.27529 -57.9389 -58.80331 -58.90607 -59.70315 -59.89974 -64.65956 -86.42931 -73.71514 -88.21526 -87.07842 -76.80813 -66.74702 -68.49795 -74.28446 -78.38467 -73.69389 -71.66482 -72.31079 -71.70812 -71.56211 -71.56534 -68.86107 -62.48086 -69.60646 -66.91513 -66.46599 -66.74554 -66.26669 -67.91444 -67.80388 -67.98856 -67.79477 -96.110435 -93.32733 -90.466415 -87.57506 -84.71081 -81.9449 -79.35857 -77.03404 -75.0476 -73.46091 -72.31336 -71.609764 -71.31737 -71.36828 -71.66044 -72.06782 -72.44258 -72.62495 -72.46711 -71.82781 -70.60061 -68.73897 -66.241905 -63.22342 -59.81426
-55.16218 -50.60865 -53.72934 -87.5301 -57.06216 -58.23598 -62.25171 -69.46113 -86.98685 -62.19905 -85.97812 -79.92177 -68.33782 -66.29839 -69.9351 -70.04341 -67.78725 -71.44677 -70.95895 -70.1411 -71.54384 -70.37007 -69.05766 -68.91301 -58.57726 -66.34431 -64.63247 -64.67292 -63.93494 -62.41764 -62.10368 -61.44937 -64.82284 -93.156044 -90.330826 -87.415825 -84.45722 -81.51894 -78.68216 -76.03728 -73.68165 -71.70277 -70.17497 -69.14674 -68.620514 -68.55578 -68.86957 -69.44659 -70.150375 -70.82768 -71.32954 -71.51025 -71.24132 -70.444336 -69.076035 -67.12765 -64.73708 -62.034786
-54.82623 -42.18551 -56.30576 -55.81319 -56.67364 -56.99205 -83.1199 -58.45213 -59.54205 -60.50784 -80.10346 -77.56264 -80.58342 -69.84733 -76.15357 -75.47989 -71.47081 -69.84 -65.44342 -64.71155 -69.87618 -68.95308 -64.76286 -62.83828 -61.20832 -64.96765 -63.33053 -64.5137 -62.37365 -60.94744 -60.57616 -60.89568 -61.02181 -90.19627 -87.351814 -84.39666 -81.3775 -78.365135 -75.44699 -72.72602 -70.31515 -68.317 -66.82385 -65.89766 -65.5448 -65.71369 -66.3024 -67.17801 -68.19309 -69.19369 -70.03029 -70.56382 -70.67975 -70.30211 -69.39617 -67.98229 -66.179886 -64.12905
-53.75337 -39.19031 -51.39457 -53.13768 -55.03952 -55.98658 -90.51954 -56.77482 -57.69398 -79.48609 -79.96611 -62.86453 -73.0796 -73.94341 -74.86533 -73.91035 -71.7783 -68.6159 -67.30517 -69.91507 -63.46756 -63.0998 -63.2587 -61.45008 -59.82271 -63.11489 -63.22347 -61.07019 -60.57939 -62.04985 -61.96381 -59.28924 -62.19102 -87.26895 -84.435486 -81.46304 -78.39796 -75.31426 -72.30876 -69.49471 -67.00114 -64.95294 -63.46111 -62.613457 -62.430218 -62.83896 -63.711437 -64.89277 -66.22355 -67.54794 -68.71547 -69.59363 -70.07122 -70.06929 -69.55695 -68.55434 -67.161026 -65.521996
-50.59342 -52.88525 -49.64902 -51.67503 -67.97189 -71.56484 -54.35959 -55.48992 -77.15828 -76.1688 -61.66697 -81.98581 -64.42218 -76.84792 -73.65152 -69.02488 -69.19496 -64.53506 -64.52631 -62.69664 -62.10374 -63.77429 -61.80773 -60.00926 -61.90929 -61.2079 -61.20926 -59.14062 -58.82609 -60.38549 -58.18351 -58.1163 -57.89673 -84.415764 -81.63332 -78.676384 -75.58564 -72.44144 -69.34407 -66.42257 -63.82477 -61.68684 -60.155 -59.357407 -59.340572 -59.999493 -61.161953 -62.646114 -64.282036 -65.91219 -67.3884 -68.5777 -69.36478 -69.66713 -69.435905 -68.665016 -67.41735 -65.79353
-43.94381 -49.7757 -40.02903 -49.91743 -64.36993 -69.89299 -59.66955 -54.26489 -54.10464 -87.7811 -60.31534 -61.59123 -73.27173 -70.79005 -68.57376 -70.47447 -60.69433 -61.8793 -61.85325 -61.62474 -59.14402 -62.27701 -60.26045 -58.45516 -59.97564 -59.1987 -59.22125 -58.96442 -57.3996 -56.85157 -56.27066 -56.18643 -56.10895 -81.67358 -78.994736 -76.09581 -73.00961 -69.81962 -66.636925 -63.605812 -60.884933 -58.626415 -57.006542 -56.21203 -56.3707 -57.292126 -58.739403 -60.50562 -62.415417 -64.3137 -66.053314 -67.49966 -68.52958 -69.04531 -68.97398 -68.27346 -66.951744 -65.050964
