java/reframeJava_export_HTRANS_grid/bougan-ascii.grd
ncols 409
nrows 281
xllcorner 42000.0
yllcorner 460000.0
cellsize 1000.0
NODATA_value -9999
[rows 182 to 207 of 281, columns 58 to 115 of 409]
-78.44481 -81.38929 -83.45267 -84.27076 -92.51839 -90.65969 -92.02017 -91.52185 -92.99887 -92.78144 -89.92645 -87.40824 -89.16869 -91.00703 -89.86077 -90.21534 -90.16869 -89.08391 -88.3144 -88.55585 -88.63017 -88.91275 -89.8476 -91.17107 -91.12228 -91.97947 -93.19416 -93.60723 -98.26947 -100.72339 -106.99932 -105.79053 -110.11402 -111.60592 -109.6074 -107.63205 -111.24081 -109.01294 -108.83809 -112.25626 -112.49102 -110.78872 -111.30777 -104.18144 -102.2498 -102.79014 -103.57223 -103.97878 -104.48028 -105.72 -107.15197 -108.35584 -109.60885 -110.10149 -109.97365 -111.07928 -112.23418 -113.6756
-78.71249 -79.77442 -82.82818 -84.96587 -86.11362 -87.87293 -88.85202 -89.8485 -88.71502 -84.0216 -80.62538 -79.63295 -80.92511 -83.46884 -83.50237 -83.73225 -83.78062 -84.16114 -85.64536 -86.58134 -86.79023 -86.4556 -86.3404 -87.24904 -87.78832 -88.78848 -89.69085 -89.22711 -90.73671 -90.7977 -93.95865 -99.61138 -104.81078 -106.71857 -106.98364 -106.82821 -105.67206 -108.22167 -108.34177 -110.27251 -111.72877 -110.52494 -111.03815 -105.88523 -104.32664 -102.52807 -103.36877 -104.63634 -105.65916 -106.66115 -107.88441 -108.69072 -109.86965 -110.40134 -111.20949 -111.32645 -113.49893 -115.06504
-78.73807 -80.40122 -82.64476 -84.16729 -85.9161 -89.72548 -85.83171 -85.97339 -83.21448 -79.16441 -79.05602 -79.33591 -80.01596 -81.05217 -82.38095 -83.60564 -84.68052 -85.45556 -86.1011 -86.43875 -86.84762 -87.18436 -87.98455 -88.43018 -88.55061 -88.67526 -89.26673 -89.5864 -90.4295 -91.54749 -92.03661 -91.56217 -93.39954 -95.4898 -100.21402 -103.31672 -103.60208 -102.78015 -105.94451 -109.36674 -111.79098 -113.09103 -113.64747 -109.28231 -104.62005 -104.84612 -104.29572 -105.75264 -106.86482 -107.47791 -108.37028 -109.78842 -110.6443 -111.27049 -111.56821 -113.15724 -114.65808 -116.38991
-79.0918 -79.79155 -83.24047 -82.99719 -83.19711 -83.40122 -81.11428 -82.47848 -79.82489 -78.60033 -78.93386 -80.27902 -81.42403 -82.42602 -83.57626 -84.92778 -86.06662 -86.64876 -86.95983 -87.35124 -88.0809 -88.5793 -89.30576 -88.72913 -89.20114 -87.66481 -88.45446 -90.15827 -91.63944 -90.54923 -91.24107 -91.86273 -93.19237 -94.50569 -95.66386 -96.04079 -97.30769 -99.14254 -103.5097 -108.40203 -112.14525 -113.8617 -113.74937 -110.01653 -107.75892 -106.73641 -106.80413 -107.35542 -108.29742 -108.58226 -109.51251 -111.0089 -111.85111 -112.25513 -112.82129 -114.12994 -115.62478 -116.9492
-78.74339 -79.9021 -81.86833 -81.31762 -81.10139 -80.5577 -79.37995 -78.11431 -78.41921 -79.12176 -79.9957 -81.04944 -82.42359 -83.18358 -84.27305 -85.32182 -86.20056 -86.72854 -87.01461 -87.46405 -88.05257 -87.78975 -87.25812 -82.88766 -83.41637 -85.79446 -88.18523 -88.77678 -89.01432 -89.72539 -90.62966 -91.33348 -92.7648 -94.23414 -96.06543 -96.86775 -97.82408 -98.48183 -101.50769 -106.47651 -111.56341 -114.43187 -114.65963 -110.84157 -108.50034 -106.79786 -107.49713 -107.91581 -109.83403 -109.05813 -110.66897 -112.1947 -113.69698 -113.76965 -114.37405 -115.18202 -116.24755 -117.27793
-78.38145 -79.40531 -80.05139 -78.12882 -77.46189 -77.2385 -77.76129 -78.67949 -79.87148 -80.91636 -81.58353 -81.71811 -82.05346 -83.46905 -84.17357 -84.24306 -85.00336 -85.29723 -85.27272 -85.90331 -86.76041 -86.60418 -83.48501 -80.35352 -81.61943 -83.14861 -86.02384 -95.48238 -88.63138 -88.45816 -90.4854 -90.62728 -92.50188 -94.39573 -96.1075 -96.52765 -97.45604 -98.38287 -99.7676 -104.70218 -111.12258 -115.80372 -116.35741 -111.14483 -109.5778 -108.53379 -108.67388 -109.96332 -109.42538 -110.26238 -111.01659 -113.20905 -114.57777 -115.17113 -115.16809 -115.30592 -116.80279 -118.03382
-76.83796 -78.30945 -77.77023 -76.97561 -76.84999 -77.28695 -78.37662 -79.40849 -80.68709 -82.19947 -83.21794 -82.91265 -82.38478 -82.35049 -83.47712 -83.30475 -83.80366 -83.61314 -83.52106 -83.9492 -84.49718 -84.60642 -79.88746 -77.8094 -80.73547 -81.84529 -86.13744 -89.10786 -90.32179 -89.10243 -90.32057 -91.52441 -93.28782 -94.89601 -96.64143 -96.96255 -97.21998 -98.30943 -99.24885 -103.55359 -111.11678 -118.05777 -117.62735 -112.93612 -108.84104 -107.95948 -109.4315 -109.98042 -110.86417 -111.4997 -112.30507 -114.10954 -115.2244 -115.27279 -115.15847 -115.59151 -117.4261 -118.57543
-76.40219 -77.13978 -77.14974 -77.26715 -77.5954 -78.56889 -79.56472 -80.40771 -81.55328 -82.91148 -83.17879 -83.00779 -82.09467 -81.29901 -80.44322 -81.37976 -81.95258 -82.21044 -82.70964 -82.87452 -83.36408 -84.53431 -80.83921 -79.09538 -79.89554 -81.7075 -84.95333 -86.96408 -90.56597 -89.35929 -91.19691 -92.36919 -93.5838 -95.37153 -96.30096 -96.49866 -97.27208 -97.70639 -99.68089 -102.84271 -110.64313 -118.51568 -120.51773 -115.91433 -111.0521 -108.98199 -109.24453 -110.32991 -111.03515 -112.14138 -112.81767 -113.98902 -114.25795 -114.08387 -114.96758 -115.81886 -117.61043 -119.17652
-77.06769 -77.06241 -77.43171 -77.99642 -78.80741 -79.81488 -80.74036 -81.47292 -82.6546 -83.32943 -83.5671 -81.80767 -80.44495 -80.32075 -80.31688 -80.24539 -80.42663 -81.0565 -82.24821 -82.839 -83.68298 -83.50656 -82.77244 -81.58631 -82.39124 -83.60724 -86.58384 -89.00227 -89.89032 -90.96747 -91.19088 -92.72421 -94.14947 -95.26019 -96.12849 -96.8978 -97.47737 -98.49629 -99.9952 -102.68906 -110.48004 -118.23259 -122.00342 -119.67759 -114.31361 -109.14046 -109.77445 -110.73586 -111.90823 -112.64383 -113.35686 -113.93137 -113.90177 -114.54813 -115.34864 -116.62649 -118.32508 -119.56693
-77.62719 -77.81941 -78.3567 -79.43399 -80.22446 -80.73935 -81.75194 -82.79014 -83.53743 -83.81466 -82.30891 -80.68441 -79.12236 -79.77389 -79.47542 -79.26621 -79.28938 -80.13128 -81.70345 -84.49982 -84.59867 -84.46262 -83.87174 -83.34292 -83.55088 -85.2626 -86.58738 -88.81232 -91.02221 -90.989 -91.93893 -93.08452 -94.93472 -95.25547 -96.19478 -97.27767 -97.57926 -98.90689 -100.68878 -104.26546 -110.55946 -117.72825 -122.58179 -122.81847 -118.31088 -112.51633 -110.37122 -111.78645 -112.97579 -113.91509 -114.45711 -114.09203 -114.75816 -115.03074 -116.44718 -117.82565 -119.42234 -121.07451
-78.64527 -78.82787 -79.57205 -80.56578 -81.39879 -81.87965 -82.81482 -83.79306 -83.94295 -82.7746 -80.38734 -79.23864 -79.37735 -79.11622 -79.10792 -78.57166 -79.61669 -80.11797 -82.25698 -84.27207 -86.57031 -85.529 -85.50137 -84.71999 -84.89807 -85.80602 -87.52211 -89.29679 -90.51483 -90.88047 -92.06285 -92.61892 -94.0985 -95.45983 -97.0808 -97.31264 -98.12139 -98.29492 -100.19371 -103.59699 -109.68403 -117.1045 -123.04895 -124.502 -122.45469 -117.2614 -113.2327 -113.55142 -114.34764 -114.8169 -114.78412 -115.30193 -115.68435 -116.17508 -117.46009 -118.90892 -120.523 -122.51463
-79.6033 -80.06868 -80.81934 -81.88885 -82.76281 -83.08716 -83.72516 -83.95317 -82.86499 -80.78152 -78.8804 -78.35293 -78.08923 -78.34928 -79.11872 -79.49311 -80.51568 -81.32718 -82.94132 -86.18573 -87.58745 -87.49687 -86.82308 -86.4165 -85.92319 -86.36983 -87.83466 -89.80524 -90.26044 -91.24917 -91.77305 -93.5236 -94.49756 -96.11724 -96.97159 -97.62493 -98.5031 -99.3468 -101.09071 -103.33247 -108.86359 -116.30831 -122.51804 -125.04707 -124.53899 -120.93436 -116.37254 -114.4218 -113.50366 -114.61866 -115.91706 -116.35891 -117.07673 -117.93128 -119.0177 -120.43672 -122.57127 -124.88715
-80.70164 -81.37563 -82.34801 -83.17703 -83.70792 -83.93443 -83.90171 -83.43108 -81.72234 -80.03694 -78.94011 -78.26644 -78.23919 -78.85289 -80.14842 -80.58934 -81.51399 -82.24145 -85.50917 -87.03226 -88.32959 -87.67448 -87.61876 -87.31507 -86.97892 -87.65105 -88.25031 -89.76566 -90.68676 -91.34963 -92.45901 -93.21412 -94.63038 -96.01328 -97.3483 -97.41228 -98.27577 -99.5696 -100.70108 -103.51783 -108.53765 -114.27993 -120.93435 -124.37723 -125.18964 -123.22499 -119.30102 -115.88427 -114.08626 -115.26532 -116.6116 -117.89139 -118.88651 -119.99773 -121.39748 -123.18476 -125.36764 -127.83197
-81.95363 -82.76659 -83.46269 -83.98713 -84.09306 -84.11727 -83.72282 -82.90873 -81.45455 -80.24561 -78.74424 -78.75741 -78.68001 -79.54013 -81.02039 -82.60631 -83.55422 -85.90039 -87.05004 -88.11374 -88.45705 -88.30437 -87.85023 -87.43418 -87.5893 -87.91484 -89.50647 -90.5945 -91.26364 -92.13356 -92.9762 -94.0734 -94.85705 -95.91189 -97.15889 -97.61414 -98.50825 -100.10173 -101.71509 -103.46493 -107.31794 -112.37956 -118.328 -122.86685 -125.33215 -125.38657 -121.07611 -118.72674 -117.07356 -116.51399 -117.8694 -119.40691 -120.7954 -122.15756 -124.01099 -126.00232 -127.53127 -130.0802
-83.38267 -83.95359 -84.39145 -84.42174 -84.3441 -84.22152 -83.9112 -82.90612 -81.22629 -79.86972 -78.8629 -79.09064 -79.69316 -80.58791 -82.0441 -83.91709 -85.65099 -88.10228 -88.29181 -88.57135 -88.7819 -89.08151 -88.49436 -86.53873 -88.21303 -88.25887 -89.85401 -91.21326 -92.48917 -93.19611 -93.82222 -94.36427 -96.0904 -96.46823 -97.39329 -97.47129 -98.93201 -100.42168 -101.99363 -104.24818 -107.15099 -111.16262 -115.89795 -121.26371 -125.44437 -127.18467 -122.48578 -121.83881 -120.37543 -118.66087 -119.42101 -121.10684 -122.55766 -124.50794 -126.4196 -128.39763 -130.52412 -132.60152
-84.80701 -85.22909 -85.24121 -84.96952 -84.89083 -84.40629 -84.01333 -82.36711 -81.46679 -80.19096 -79.74892 -80.15256 -80.72056 -81.6368 -82.98421 -84.05751 -86.5081 -88.11245 -89.04939 -89.23791 -89.82769 -88.9478 -87.84032 -89.57051 -90.04117 -90.41745 -90.92094 -92.07175 -92.67632 -93.23267 -93.8466 -95.18881 -95.91457 -96.72899 -97.18957 -98.45705 -99.35116 -100.8667 -103.24274 -105.40066 -107.12307 -110.01265 -114.18904 -118.08011 -123.49468 -126.82025 -126.02716 -124.57968 -122.53008 -120.92133 -121.67524 -123.46236 -124.84873 -126.69825 -128.64362 -131.02766 -132.35213 -134.78172
-86.00612 -86.19239 -86.47924 -86.48836 -86.09494 -85.92108 -84.22202 -82.69586 -81.22722 -80.78903 -80.67672 -80.66136 -81.72846 -82.47585 -83.80003 -85.25376 -86.38133 -86.84814 -88.36777 -89.27583 -91.1934 -92.46675 -90.7927 -94.06201 -92.37139 -92.3407 -91.73682 -93.01529 -93.34228 -94.05969 -94.19838 -95.44874 -96.91806 -97.19823 -97.7152 -98.82483 -100.3364 -102.29048 -104.52044 -106.10883 -107.26322 -110.78235 -113.50613 -116.48395 -121.36172 -126.61153 -128.73328 -127.2818 -124.76219 -123.48634 -124.8643 -126.80529 -128.32597 -129.72359 -130.85506 -132.45332 -134.26085 -135.68459
-87.03134 -87.28863 -87.55576 -87.45989 -87.40471 -86.07839 -84.98263 -83.1625 -82.23777 -81.93468 -81.56868 -82.31144 -83.02726 -83.688 -84.50292 -86.18521 -86.59662 -87.47664 -88.48337 -89.93872 -89.58622 -90.51973 -91.01046 -92.62111 -92.45935 -92.84138 -93.54082 -94.10262 -93.87894 -94.48321 -95.52732 -95.15565 -96.32323 -97.65538 -98.61878 -100.03878 -101.77113 -103.54985 -105.40475 -107.26077 -109.37387 -111.54293 -113.96304 -116.23692 -120.34962 -126.51735 -129.84476 -129.22958 -127.3419 -126.69086 -127.68946 -129.68764 -131.06947 -132.13783 -133.44743 -134.55128 -136.12672 -137.0684
-88.05825 -88.03305 -88.13676 -88.62944 -88.37444 -86.52331 -84.74872 -83.87401 -82.92446 -82.573 -83.81443 -83.86897 -84.36855 -84.78853 -85.80101 -86.16511 -87.27678 -87.84357 -88.90365 -89.90096 -89.82864 -90.6165 -91.35267 -92.05491 -92.8698 -93.62319 -95.79485 -93.91552 -93.89879 -94.03656 -95.10305 -95.77548 -97.07443 -98.38302 -99.19882 -100.9496 -102.85501 -104.83358 -106.94137 -109.03507 -110.87663 -112.75484 -114.90263 -117.40724 -120.51683 -124.74166 -128.10025 -128.96858 -129.27025 -130.21964 -131.4362 -132.35999 -132.76543 -133.68994 -134.68864 -136.07083 -137.16594 -138.38445
-88.85861 -88.82672 -88.94895 -89.1209 -88.73648 -87.16676 -85.71083 -84.38048 -84.31312 -84.42572 -85.14358 -85.82015 -85.57997 -85.93857 -86.42388 -87.36969 -87.27326 -88.72486 -90.74093 -91.40772 -91.53433 -90.71741 -90.27926 -92.12051 -93.21902 -93.42175 -96.75462 -94.80429 -94.35019 -95.01599 -95.37408 -95.65848 -97.58859 -98.89326 -100.18447 -101.51411 -103.91235 -106.18336 -108.52687 -110.8694 -112.42679 -114.03362 -116.03217 -118.07229 -120.24452 -123.27623 -126.11394 -128.86874 -130.69852 -132.31456 -133.68811 -134.47601 -134.5535 -134.4855 -135.68855 -136.67548 -138.32565 -138.84216
-89.98415 -89.84942 -89.97076 -89.66637 -89.27585 -88.03808 -87.01473 -86.13668 -85.48809 -86.10279 -86.26144 -86.59275 -86.96459 -87.22969 -87.55187 -88.24255 -88.10547 -89.41356 -90.75608 -90.72813 -91.87404 -89.83207 -89.55978 -90.00499 -93.16138 -94.46966 -94.95678 -94.48939 -94.46691 -95.15258 -96.00959 -96.92271 -98.2842 -100.03876 -100.75435 -103.3049 -105.45841 -107.32285 -109.32746 -111.36953 -113.2823 -115.34716 -117.272 -118.89498 -120.70319 -122.93143 -125.52168 -128.78761 -131.61633 -133.4878 -135.40475 -136.60098 -135.5671 -135.79663 -136.5581 -138.11928 -140.17451 -140.04091
-90.84372 -91.06843 -90.61736 -90.3096 -89.45332 -88.7688 -88.08372 -87.35585 -87.50455 -87.2824 -87.43937 -87.78678 -88.00892 -88.28071 -88.61855 -89.27514 -89.88403 -90.40024 -91.30138 -91.7865 -91.05825 -90.97611 -89.94129 -91.60531 -94.57578 -96.32574 -95.99717 -96.30384 -96.33759 -96.24234 -97.08311 -98.09939 -99.443 -101.2633 -102.01212 -104.81826 -106.55363 -108.51163 -110.63011 -112.69243 -114.76805 -116.74055 -118.28182 -119.83813 -121.46941 -123.64539 -126.5216 -129.7313 -133.68608 -136.67548 -137.83778 -136.78374 -136.67213 -137.07942 -137.3957 -139.13336 -140.83167 -140.99979
-91.82787 -91.90594 -91.52538 -91.37204 -90.41899 -89.5373 -88.46499 -88.84374 -88.74078 -88.52764 -88.6379 -88.88849 -89.09937 -89.45891 -89.74202 -90.25826 -90.63314 -91.26761 -92.01688 -92.24196 -92.02368 -92.49613 -92.81151 -93.85345 -95.10257 -96.08071 -96.95605 -97.18098 -97.66746 -98.12569 -98.6432 -99.6174 -100.98008 -102.56298 -104.38968 -106.36567 -107.98017 -109.72496 -111.82446 -113.89349 -116.26851 -117.83938 -119.3456 -121.17644 -122.96189 -125.16691 -127.93388 -131.75734 -138.02298 -141.71825 -139.163 -138.07764 -138.03145 -137.66336 -138.37859 -140.28564 -140.87038 -141.58383
-92.90013 -92.69903 -92.29328 -92.13263 -91.44011 -90.23953 -89.87002 -89.77246 -89.54951 -89.76296 -89.93405 -90.05107 -90.57373 -90.99828 -91.34372 -91.27975 -91.63674 -91.79089 -92.11925 -92.43199 -92.92832 -94.44603 -93.84603 -94.80905 -95.90694 -97.24711 -97.91854 -98.6747 -98.92809 -99.41485 -100.07594 -101.07492 -102.74711 -104.01339 -106.06176 -107.66953 -109.25675 -111.08848 -113.17658 -115.42304 -117.42236 -118.81651 -120.74017 -122.24023 -124.32483 -126.96563 -129.78854 -132.64194 -138.91878 -143.80544 -141.51604 -139.71439 -138.37082 -137.752 -138.99763 -140.27919 -141.54953 -142.33984
-93.64211 -93.86517 -93.2974 -93.0642 -92.18942 -91.22942 -90.87568 -90.74905 -90.55078 -90.58739 -90.95829 -91.28356 -91.75766 -92.14285 -92.69911 -92.47827 -92.40659 -92.54763 -92.5928 -92.78725 -93.60861 -94.4263 -95.19382 -96.03404 -97.03961 -97.91331 -98.97363 -99.79377 -100.70672 -101.09758 -101.89856 -102.82443 -104.26449 -105.89093 -107.1639 -109.26205 -110.74952 -112.57877 -114.26212 -116.36808 -118.34791 -119.8177 -121.99737 -123.44337 -126.07866 -128.67451 -129.78024 -133.08548 -137.2053 -142.30495 -143.35826 -140.85744 -139.31004 -137.88683 -139.59679 -141.59155 -142.51233 -144.44229
-94.31417 -94.63408 -94.05104 -93.48021 -92.83682 -92.17603 -91.73377 -91.71195 -91.65967 -91.78708 -92.10977 -92.48934 -92.87188 -93.45768 -93.68035 -93.55848 -92.83837 -92.99379 -93.4801 -93.98573 -94.74051 -95.73612 -96.61532 -97.37288 -98.20148 -99.17968 -99.85572 -101.00588 -101.78569 -103.04479 -103.66285 -104.39678 -105.80863 -107.13374 -108.7397 -110.47449 -112.09404 -113.74523 -115.50695 -117.59309 -119.35907 -120.98498 -122.77415 -124.81193 -127.61688 -130.24 -130.9416 -134.0971 -136.56001 -141.26917 -145.52165 -143.74457 -140.11607 -139.7468 -140.3268 -141.9993 -142.57903 -143.65889
