java/reframeJava_export_HTRANS_grid/bougan-ascii.grd
ncols 409
nrows 281
xllcorner 42000.0
yllcorner 460000.0
cellsize 1000.0
NODATA_value -9999
[rows 234 to 259 of 281, columns 116 to 173 of 409]
-169.09546 -166.3921 -165.967 -163.81279 -162.47118 -162.0983 -161.922 -159.00966 -154.54771 -151.23386 -146.05284 -141.06065 -144.79208 -139.32564 -138.83064 -139.61691 -137.28998 -136.46658 -135.7439 -134.88918 -129.12231 -131.77046 -132.02856 -132.19247 -131.05342 -131.58865 -130.57661 -129.75061 -129.83656 -127.56095 -126.17646 -127.90871 -128.44424 -129.6318 -126.6151 -125.18979 -125.2516 -125.47221 -127.22091 -127.63953 -128.91519 -126.86227 -125.02575 -123.85716 -118.15966 -113.75849 -122.01928 -121.43082 -127.39896 -126.13355 -136.27464 -145.79077 -133.40543 -137.02313 -166.12363 -163.30783 -127.2719 -136.7198
-167.56825 -165.88417 -164.14687 -163.49472 -162.51682 -161.97354 -160.82797 -157.61725 -153.13574 -147.19495 -146.15363 -140.93263 -141.18835 -137.30603 -143.43811 -136.78062 -135.6367 -140.58635 -136.92398 -133.55907 -132.58263 -129.14 -131.4582 -130.43391 -129.2602 -129.22911 -128.6368 -126.83058 -127.65639 -127.75069 -126.66541 -125.8525 -128.7379 -128.8513 -125.54691 -123.91353 -124.93163 -127.19206 -129.46124 -127.61405 -126.41765 -127.31912 -123.31806 -117.23273 -121.53061 -115.52805 -122.85422 -127.95103 -123.5752 -126.93958 -132.66008 -144.87451 -131.12296 -136.01318 -141.89412 -150.95398 -132.28044 -138.16415
-167.31506 -165.69676 -164.30183 -163.0678 -162.15926 -161.846 -159.41164 -155.71553 -150.3597 -148.80402 -144.87585 -134.03818 -140.93443 -141.52576 -138.58803 -136.42113 -135.26016 -132.71507 -131.24995 -131.6124 -131.24834 -131.09602 -129.33188 -128.29424 -127.24344 -128.91034 -128.69226 -126.69269 -124.48171 -125.04774 -125.84636 -124.18783 -126.17182 -126.26296 -124.89994 -123.73371 -124.48361 -126.64227 -127.24788 -124.98973 -125.48163 -126.83152 -125.19053 -125.29102 -122.02329 -120.69695 -121.46275 -122.14696 -119.09011 -122.92009 -118.49687 -140.42326 -127.59901 -132.7458 -125.17495 -135.65611 -131.08096 -132.29568
-165.79681 -165.47792 -164.26442 -163.3856 -162.77673 -160.95795 -158.46484 -153.93137 -150.82555 -146.69762 -138.90355 -139.03432 -143.69609 -144.12637 -137.59859 -137.28276 -137.65437 -139.60948 -132.0082 -129.91708 -129.94386 -128.79121 -128.34694 -127.65304 -126.76655 -127.0864 -125.82914 -124.33854 -124.61889 -124.56112 -125.59386 -123.59101 -124.1936 -122.84839 -122.31292 -121.69143 -124.07127 -125.94599 -126.66064 -125.32913 -124.84773 -123.07599 -122.02306 -118.74704 -124.81131 -125.73384 -124.07801 -124.52042 -121.80822 -125.00267 -123.13748 -121.58823 -125.86261 -127.07679 -127.83004 -125.17094 -132.69563 -125.14792
-166.6462 -165.49715 -164.8461 -164.8409 -162.11638 -160.67262 -157.6867 -153.92963 -145.75667 -140.63576 -144.41666 -141.8493 -143.32098 -144.5454 -137.43736 -136.99283 -139.47401 -135.50833 -131.29724 -132.56802 -134.31784 -131.64507 -126.93097 -126.00801 -126.89251 -125.92559 -124.312 -124.91779 -124.2851 -125.92917 -122.36647 -123.49111 -123.92707 -122.35429 -122.12471 -122.12211 -123.38148 -125.01394 -126.0408 -123.49518 -124.0683 -124.15392 -122.88524 -122.30071 -121.11492 -120.49756 -120.97632 -120.17868 -123.69518 -126.44867 -125.51379 -125.57088 -125.19774 -126.49882 -127.35148 -135.08278 -119.43672 -123.00618
-166.67781 -164.6885 -165.28244 -163.14963 -162.40291 -160.39607 -157.17175 -152.87025 -149.41096 -141.92436 -142.40984 -142.72676 -141.19563 -140.8245 -140.14917 -137.27626 -135.25916 -134.35416 -130.16235 -128.46175 -131.64703 -127.38388 -127.75852 -127.64881 -127.29677 -126.06848 -124.79385 -124.48944 -125.73638 -125.02462 -123.29986 -121.18955 -123.162 -121.52237 -122.51439 -122.87754 -123.56016 -123.85672 -124.86429 -123.88844 -123.56027 -121.76556 -122.28763 -122.0264 -122.04984 -122.14456 -121.03221 -119.38467 -120.94396 -125.16079 -123.64493 -124.36761 -123.12175 -126.27077 -126.3405 -124.06195 -118.78447 -121.22145
-166.94537 -165.12984 -163.61671 -163.8413 -161.11678 -159.06232 -156.38068 -151.22041 -148.19717 -146.06442 -143.84999 -143.04549 -142.75911 -144.21039 -143.60492 -137.98482 -135.65868 -133.46797 -131.53307 -132.57295 -128.5117 -130.09015 -128.03654 -127.44935 -125.50127 -125.84013 -125.37545 -124.5414 -122.58395 -121.34036 -121.07525 -119.76906 -120.27508 -119.70091 -121.74959 -122.71418 -123.11321 -122.5553 -124.26949 -124.48116 -122.85687 -121.2909 -119.90336 -119.52727 -121.28458 -122.57182 -122.42525 -120.47266 -122.97342 -119.58658 -123.01658 -123.61712 -122.36479 -124.18912 -123.61894 -119.33465 -119.74227 -126.47585
-166.7177 -164.1844 -163.89326 -160.86575 -160.167 -158.43929 -155.48495 -153.29361 -149.93771 -144.861 -145.50851 -144.38902 -143.53346 -145.10376 -141.80527 -139.02873 -136.4401 -133.82527 -131.35704 -129.1935 -132.29962 -127.64814 -129.54607 -126.64314 -125.57342 -125.71219 -124.40497 -122.84518 -121.15895 -121.87646 -120.20908 -119.43971 -119.20782 -119.44324 -120.51878 -121.29385 -122.00322 -122.55972 -122.68088 -123.5862 -122.95914 -121.1899 -118.93648 -117.43998 -119.41559 -121.23188 -121.72704 -120.30999 -122.69816 -117.62567 -118.97645 -122.0307 -122.82558 -123.25849 -127.43152 -117.85397 -125.57216 -118.57024
-164.87727 -163.51392 -161.87949 -160.12617 -158.91093 -156.5075 -155.20328 -154.85814 -153.54614 -148.64519 -148.19592 -146.56848 -146.7875 -145.2508 -143.44408 -141.90022 -138.93738 -132.82355 -130.26906 -133.70264 -133.06445 -131.54398 -129.2118 -127.28224 -124.39449 -123.03885 -122.48027 -121.05533 -119.26292 -119.01157 -119.84751 -118.47967 -118.79925 -120.13687 -119.65963 -121.38501 -122.57223 -123.07289 -122.48839 -120.5913 -122.68404 -119.20683 -117.72471 -116.09921 -117.28233 -118.49834 -119.1127 -123.74655 -119.2411 -121.11952 -120.56525 -117.98609 -120.26221 -119.94102 -116.12574 -115.28872 -116.6864 -118.35327
-163.25092 -162.21664 -161.55588 -159.06363 -157.36174 -156.32924 -149.70271 -156.69043 -156.99138 -152.72696 -149.53836 -148.75668 -147.24686 -146.59903 -143.10115 -140.48546 -136.43367 -133.93419 -132.59367 -132.03735 -131.03651 -131.61292 -128.35303 -125.59633 -121.89244 -122.58902 -121.78256 -120.44863 -118.2537 -119.6525 -120.20076 -122.10568 -118.76356 -120.87945 -119.01642 -118.38858 -120.96271 -125.31191 -122.58496 -119.50993 -119.21747 -119.49768 -117.19277 -115.64859 -116.28064 -118.66363 -118.29985 -118.82197 -118.85173 -118.60462 -118.92053 -117.28126 -117.36657 -119.57276 -116.70982 -114.43446 -115.62852 -118.77614
-164.9945 -162.28754 -160.89288 -159.55856 -158.66429 -153.08849 -157.15735 -155.94876 -158.72778 -152.69215 -151.78934 -149.31651 -146.98558 -146.79742 -145.89609 -140.54231 -137.07407 -135.42737 -133.52365 -133.28375 -131.48875 -127.8459 -128.1849 -125.15659 -120.28551 -120.23461 -122.99088 -119.76252 -117.52874 -120.77621 -119.79839 -120.86482 -119.12443 -118.80529 -119.77764 -119.38985 -124.22726 -121.70282 -119.11534 -119.0959 -117.50821 -117.89406 -117.07407 -115.22642 -116.03407 -116.70632 -120.30741 -119.1634 -117.78278 -116.94545 -118.04793 -116.04221 -116.50778 -116.65847 -115.13694 -111.23203 -114.46397 -109.77078
-163.1562 -159.92677 -166.69856 -159.3284 -154.6968 -157.97696 -159.1003 -158.30266 -154.65016 -155.46478 -152.5075 -149.35773 -147.0732 -146.07002 -145.43001 -142.87282 -138.70686 -136.30852 -134.97308 -134.42757 -132.568 -128.29152 -126.90773 -126.47059 -122.84328 -122.42326 -122.15927 -119.05599 -118.21935 -118.76521 -124.90667 -120.1659 -120.00636 -118.99276 -120.30235 -118.6486 -118.96522 -120.88074 -118.36849 -118.24979 -118.69108 -117.14243 -115.92198 -114.9368 -114.69914 -118.21904 -119.34656 -116.79744 -115.36685 -114.39884 -114.24816 -114.49074 -114.44107 -115.94038 -113.75282 -112.36223 -108.36238 -106.22004
-163.66849 -159.51385 -159.08101 -159.17815 -156.30394 -158.92601 -158.88977 -156.54572 -156.2418 -154.69904 -151.73058 -149.69678 -149.61018 -147.69974 -145.1454 -143.45941 -141.41164 -138.42969 -135.59564 -135.15274 -131.4206 -130.04993 -127.32146 -126.52537 -124.01774 -123.94429 -125.49865 -129.34203 -120.05322 -125.77909 -121.00689 -118.78734 -119.23052 -117.93522 -119.51737 -117.83995 -118.5211 -120.49176 -117.43002 -116.27728 -116.08571 -115.97766 -114.27138 -118.99212 -117.25646 -115.07237 -115.61802 -115.22694 -114.0865 -115.73243 -114.35461 -112.67355 -112.61214 -113.76714 -110.635 -111.18356 -109.66354 -106.26744
-161.46281 -164.31052 -163.49065 -161.18546 -160.3292 -159.4358 -160.06093 -160.01923 -158.97287 -160.94553 -158.744 -157.01111 -149.4698 -152.77989 -146.59279 -144.9472 -142.01218 -139.45126 -137.2656 -133.59929 -131.25467 -129.0975 -128.03825 -126.5447 -125.84068 -124.91953 -129.98578 -121.79425 -130.1453 -120.90098 -121.61477 -119.67613 -118.41394 -118.01849 -118.43386 -118.1962 -118.26589 -118.70475 -115.52218 -114.41783 -114.11989 -113.81136 -114.49678 -116.77808 -117.06555 -114.61092 -117.39642 -115.36542 -114.74876 -114.26742 -112.75817 -111.03873 -109.55941 -110.09844 -111.75414 -107.0348 -104.2237 -105.57342
-162.8441 -164.81873 -163.86182 -166.05707 -159.43117 -159.90195 -159.09167 -157.9131 -158.30301 -156.58382 -150.2078 -147.38799 -152.86398 -151.73705 -153.2335 -146.17815 -141.65215 -138.96397 -135.67775 -131.9772 -130.72243 -130.30092 -129.00923 -125.91205 -130.0359 -125.65393 -131.33014 -122.95501 -131.62665 -123.24148 -124.02562 -120.36525 -118.15849 -117.80363 -117.63917 -120.08314 -120.64402 -116.14318 -115.31739 -111.92881 -112.09633 -112.82061 -112.75289 -116.68532 -115.09372 -114.687 -113.06653 -114.48964 -112.77312 -112.00535 -111.18455 -109.92442 -108.09608 -109.09436 -109.50184 -101.86337 -104.04329 -98.38604
-159.36465 -160.95103 -162.65782 -168.42262 -157.68454 -170.32047 -150.5693 -158.05122 -153.14357 -156.66986 -152.71169 -153.00246 -151.35522 -152.64806 -148.79079 -146.76208 -141.51442 -139.11908 -136.75134 -135.27519 -131.00574 -131.90292 -130.35754 -129.28758 -131.34259 -131.01393 -132.54164 -124.72266 -122.1375 -122.61507 -122.64885 -120.50888 -119.00925 -118.36949 -118.03839 -120.32417 -120.46445 -116.83094 -112.66373 -116.21338 -111.64659 -110.76534 -116.48638 -112.43 -116.34052 -114.60145 -112.72111 -111.96618 -112.06253 -110.05732 -108.57816 -105.8575 -107.07359 -109.60255 -107.08827 -101.90643 -97.41277 -101.97975
-164.30853 -158.47108 -159.49786 -157.55872 -164.28165 -147.12077 -148.16187 -138.9596 -150.47389 -150.47862 -148.0219 -149.93324 -153.77374 -147.96815 -155.10376 -152.78809 -144.72523 -143.08633 -145.05434 -133.98901 -133.61469 -132.5187 -134.59695 -133.08484 -130.62674 -131.85748 -133.37335 -127.07598 -129.72466 -129.25597 -123.28301 -120.1332 -119.60164 -119.26717 -119.01694 -118.736 -119.76197 -115.35005 -116.0846 -116.08446 -111.89987 -115.65511 -116.07019 -112.24496 -116.1949 -113.9746 -111.64863 -111.27482 -110.86145 -109.45282 -107.70372 -106.98096 -103.8278 -104.84082 -104.53721 -100.21589 -101.33379 -94.72635
-159.33759 -159.07307 -157.48903 -152.34042 -154.02428 -147.06738 -132.79132 -137.16669 -146.04295 -145.04776 -142.29884 -147.2995 -147.67964 -147.63625 -155.15073 -154.71124 -145.90993 -148.08505 -141.21526 -135.56514 -135.36237 -134.8574 -135.8383 -134.91159 -133.15634 -128.63615 -129.54173 -126.99321 -129.34651 -129.53006 -123.464 -122.05412 -121.21323 -120.22303 -119.9986 -121.08362 -120.38354 -115.68036 -116.52566 -116.43562 -111.85075 -115.51246 -110.83548 -119.85399 -115.66845 -114.15314 -111.91277 -110.61706 -109.40383 -108.06079 -108.21696 -103.29362 -104.18956 -101.98152 -101.89545 -98.08991 -98.05245 -96.47225
-159.00104 -149.29723 -146.03537 -148.07243 -144.77866 -141.39526 -135.56604 -146.49934 -135.72466 -145.08981 -132.5644 -144.17383 -145.99568 -148.86948 -154.32079 -155.25256 -147.47124 -154.02373 -147.35011 -148.69147 -147.2771 -139.76692 -134.77188 -134.79314 -135.8453 -132.81247 -131.33234 -130.33768 -128.28041 -130.23068 -126.22731 -124.82842 -123.25157 -122.24937 -124.4028 -120.0753 -119.91488 -119.16189 -118.68856 -116.73819 -117.39906 -111.88922 -111.59869 -114.76955 -115.46116 -114.15282 -112.11934 -109.74978 -109.16499 -107.31919 -107.80716 -103.31602 -104.71789 -101.61516 -100.24375 -97.29054 -95.17936 -93.57945
-147.25627 -148.43703 -146.8649 -146.45044 -142.92165 -123.69603 -125.18009 -142.87056 -128.04005 -119.58593 -141.53265 -130.42815 -143.26347 -148.54897 -152.89534 -147.39545 -147.12099 -150.72536 -148.42216 -148.09402 -146.58038 -147.00493 -136.5552 -135.8012 -136.38535 -133.6709 -134.31302 -134.28456 -131.96594 -132.03117 -131.35635 -127.24858 -126.04847 -124.51748 -123.04001 -121.17358 -121.99335 -120.18991 -117.60544 -115.96551 -119.12347 -114.30814 -119.08175 -116.41743 -114.68448 -114.30565 -112.33881 -110.73806 -109.60598 -106.75109 -105.77041 -106.06704 -103.26182 -101.71073 -98.51809 -95.91175 -92.59874 -91.20648
-139.73395 -149.27515 -139.18407 -140.14984 -136.45654 -142.73302 -120.47582 -141.21696 -142.19002 -129.6833 -139.01479 -140.06444 -131.9038 -144.30824 -145.32703 -146.04594 -146.5481 -155.09933 -149.0363 -150.74504 -153.36362 -147.60258 -147.3547 -138.49301 -137.81989 -138.79529 -135.6703 -132.79726 -132.58224 -134.6374 -133.0873 -132.7425 -128.9181 -127.42329 -125.31621 -123.56355 -122.95459 -123.23778 -119.79521 -120.79095 -118.15936 -121.1604 -118.80315 -116.45084 -114.18124 -113.26407 -113.41556 -111.26403 -108.31665 -105.94585 -105.61832 -104.921 -100.87895 -99.20882 -96.38601 -94.57336 -90.56455 -88.02606
-148.9036 -141.56177 -136.969 -139.41801 -137.17693 -115.68022 -143.24573 -102.55955 -141.58437 -137.37775 -136.797 -135.15259 -141.06119 -136.07301 -147.29662 -144.22066 -151.87115 -154.62209 -147.42508 -152.89447 -154.69861 -147.6481 -147.58344 -147.46513 -140.39885 -139.95789 -139.61601 -136.70082 -136.41405 -138.20222 -136.13988 -133.50815 -131.78288 -130.75006 -128.18968 -126.7341 -125.62158 -125.16837 -123.91707 -122.70841 -122.89352 -120.86478 -118.75785 -116.76741 -113.77997 -112.27086 -112.36662 -111.21793 -109.73254 -107.18056 -102.19695 -103.25601 -97.29091 -97.0353 -93.69502 -92.49035 -90.61025 -87.75783
-147.17258 -148.3411 -148.54652 -134.2741 -131.85588 -109.26364 -142.26508 -140.4026 -140.46399 -136.67952 -91.36182 -132.26659 -140.14246 -131.57623 -142.78185 -141.78185 -148.7886 -152.41936 -157.97543 -148.55826 -154.95657 -152.92378 -147.7789 -147.66212 -142.92268 -141.49995 -141.43434 -142.15054 -139.26393 -138.94113 -139.43294 -137.4096 -135.92389 -134.34875 -132.5275 -130.72952 -129.39256 -127.21969 -126.95193 -124.24509 -122.77043 -120.97973 -118.72839 -116.95499 -113.70457 -111.39272 -110.69768 -110.33355 -110.4573 -107.9581 -99.47316 -101.36635 -95.58967 -94.27841 -91.25722 -88.9453 -88.13354 -85.87464
-151.14856 -150.61232 -149.47572 -135.02887 -118.06239 -113.10474 -142.03354 -139.78583 -138.77933 -136.12727 -86.47688 -139.00446 -139.72911 -141.37637 -138.24394 -138.43538 -144.76965 -148.95708 -155.8877 -146.57562 -147.41634 -152.32912 -147.21295 -147.0039 -144.92142 -144.15189 -143.06926 -143.2183 -140.30762 -139.50803 -139.80359 -138.38258 -136.0939 -135.0789 -133.21214 -130.46909 -131.45934 -126.54197 -126.76126 -124.11547 -122.27857 -122.66699 -119.6811 -117.76072 -113.69474 -111.3885 -111.4877 -111.00579 -110.32557 -106.18963 -101.92543 -98.67527 -95.29656 -91.61547 -87.75796 -86.22332 -86.74722 -83.92921
-152.74321 -153.96777 -151.31738 -133.22752 -129.85094 -114.92148 -140.66293 -94.70275 -100.21595 -131.32932 -108.54876 -92.85426 -139.5901 -120.25353 -136.62817 -140.93855 -153.2777 -140.07576 -151.95285 -143.66466 -144.4828 -150.1359 -144.46664 -145.78966 -140.18369 -145.30128 -144.09782 -140.0286 -140.9967 -139.33473 -140.40736 -138.3199 -136.27216 -136.6367 -136.04256 -134.34639 -131.62172 -125.5717 -126.31267 -123.37621 -120.64167 -121.57419 -120.31288 -118.99165 -114.30251 -111.70678 -111.91168 -111.35956 -102.59742 -104.57851 -97.85069 -95.43887 -92.24663 -89.42835 -85.61899 -84.00425 -81.09721 -82.21253
-153.58917 -157.0948 -141.04788 -136.73347 -137.41899 -119.69094 -114.59428 -106.52393 -105.98545 -131.67068 -110.95803 -115.86311 -118.27627 -120.08841 -134.15788 -139.07138 -140.32043 -151.0332 -137.71861 -138.7578 -136.33992 -135.51736 -142.7882 -143.73334 -136.18195 -142.12924 -144.03229 -138.43568 -141.7264 -140.61049 -139.84473 -140.36826 -134.93149 -136.47449 -130.89442 -134.90862 -131.8635 -127.93878 -125.84916 -122.46785 -119.00744 -120.099 -119.90636 -113.39919 -113.2279 -111.35647 -114.07098 -112.22663 -101.29166 -102.6822 -96.46431 -94.38305 -89.47833 -86.56398 -82.75225 -81.10733 -77.34312 -78.62922
