java/reframeJava_export_HTRANS_grid/bougan-ascii.grd
ncols 409
nrows 281
xllcorner 42000.0
yllcorner 460000.0
cellsize 1000.0
NODATA_value -9999
[rows 182 to 207 of 281, columns 174 to 231 of 409]
-152.55212 -155.56013 -154.63382 -155.8198 -160.11256 -159.65353 -161.1714 -163.86069 -161.2254 -159.36694 -156.15848 -156.35664 -156.08623 -153.96304 -154.06746 -155.69305 -156.85576 -158.35924 -158.59528 -159.14037 -158.4841 -156.77509 -155.1142 -154.44579 -152.8561 -153.5268 -151.71413 -152.15569 -151.1468 -149.72258 -149.22041 -144.60918 -147.06798 -145.55716 -147.92233 -145.99603 -143.5087 -142.7159 -144.23083 -142.49797 -143.73534 -145.52339 -143.89326 -142.92323 -141.64236 -141.66962 -142.87451 -143.8148 -144.85294 -145.83115 -146.90216 -142.92172 -139.98068 -139.68083 -138.77676 -138.20537 -137.24942 -134.83826
-156.25906 -156.03546 -156.0742 -161.68947 -163.88992 -156.9591 -164.34927 -162.95267 -161.08885 -161.47745 -159.97559 -156.8924 -155.99416 -157.31847 -157.99411 -159.06009 -159.13908 -158.4275 -158.76242 -158.59398 -157.28761 -155.09856 -153.18388 -153.20503 -152.33563 -151.8843 -151.58205 -150.62817 -149.26949 -149.80894 -148.85136 -146.31755 -142.57162 -143.3265 -146.45181 -145.44765 -143.59843 -145.92825 -141.95657 -141.77219 -143.30264 -145.86887 -144.30304 -142.32886 -142.2643 -142.0502 -141.91367 -143.65027 -143.08165 -142.8774 -144.02779 -142.84096 -140.93954 -138.34242 -137.7873 -135.99797 -133.25615 -131.45175
-160.3411 -163.12883 -162.57973 -159.7337 -161.86111 -163.07921 -162.68509 -162.7469 -162.43703 -161.79193 -161.3265 -158.9853 -158.32153 -159.36662 -159.63321 -160.39603 -158.96132 -158.34334 -158.40906 -157.8661 -155.98036 -153.01141 -153.40027 -152.31181 -151.92526 -150.95921 -149.55931 -150.4269 -149.28111 -148.905 -148.45273 -144.6236 -147.11047 -143.1345 -144.99367 -145.38 -141.95145 -146.79453 -146.85905 -141.22868 -146.90724 -144.31924 -144.46944 -143.18803 -142.09624 -141.40913 -142.3207 -141.98029 -141.00104 -141.46683 -140.82744 -142.57185 -140.54506 -135.82066 -133.96172 -132.65962 -130.16911 -128.81758
-163.3921 -165.17374 -163.55548 -168.06812 -165.59808 -164.3803 -164.35803 -163.32573 -161.9553 -163.32349 -162.15875 -160.60918 -161.00291 -161.09332 -161.61864 -159.92554 -159.6363 -158.18265 -157.89143 -156.62491 -155.82605 -154.66602 -153.43706 -150.83524 -151.16653 -151.90382 -151.64217 -149.91914 -149.58682 -149.20578 -148.41307 -147.37878 -145.6348 -143.70938 -141.94962 -142.96196 -141.7085 -140.69287 -144.96724 -143.71786 -143.63551 -143.61093 -143.91786 -143.37029 -141.92285 -140.13326 -140.68271 -139.7745 -140.1379 -140.12154 -136.69337 -140.01794 -136.88269 -135.35994 -132.51453 -130.28548 -128.85623 -125.40455
-165.4412 -166.94865 -165.70287 -166.61034 -165.57823 -165.94675 -164.96867 -163.88988 -163.9694 -163.34908 -162.4862 -161.69432 -161.87442 -161.93983 -161.50499 -160.47443 -159.14037 -157.94872 -156.71242 -155.64761 -153.95805 -154.50493 -153.12447 -153.344 -153.6213 -153.34135 -151.4024 -151.2531 -149.79443 -149.88174 -146.5928 -146.70767 -145.05505 -143.29094 -144.16164 -138.66795 -136.5202 -139.73212 -146.80157 -138.8157 -144.34508 -142.48882 -144.19814 -143.7229 -142.43503 -140.84981 -140.0582 -139.83684 -138.8554 -136.32751 -136.85135 -135.45203 -136.785 -134.77983 -131.94946 -129.7849 -126.06619 -124.92163
-169.02417 -165.93715 -164.88364 -165.73618 -165.19615 -164.33746 -165.28691 -164.77219 -165.15839 -165.1677 -162.82678 -162.81601 -163.28136 -163.04515 -161.66211 -158.36926 -157.26923 -156.67088 -155.81654 -154.37064 -153.70625 -153.83775 -155.285 -156.1545 -156.20274 -153.78735 -152.53275 -150.06676 -147.97954 -145.52362 -147.77333 -145.38554 -144.05023 -147.36919 -141.57986 -139.49983 -139.46669 -136.38577 -136.56628 -141.22125 -137.81055 -140.56042 -143.4987 -141.00633 -140.73639 -138.001 -138.65291 -138.80417 -139.2067 -135.68283 -136.5452 -133.74673 -132.76193 -132.34117 -131.29805 -127.60339 -123.67204 -123.41543
-168.39005 -165.4784 -164.35922 -164.40112 -166.22427 -163.89246 -165.02025 -165.2857 -165.55615 -165.33148 -163.55618 -164.14201 -164.15475 -163.36684 -159.5897 -155.80199 -155.07408 -155.17812 -155.10947 -152.93161 -152.29091 -153.45538 -155.40646 -156.60287 -153.88428 -152.61469 -150.90225 -149.02133 -146.69234 -146.21935 -146.09558 -147.70929 -147.37077 -146.85172 -143.57404 -140.70978 -140.91081 -138.34824 -139.89227 -137.0091 -138.41873 -140.64227 -143.32487 -143.17992 -140.55046 -139.5003 -138.27405 -137.11317 -137.9845 -135.69241 -132.63158 -129.4185 -128.67119 -128.72163 -127.5617 -126.9952 -123.5651 -122.66302
-168.09914 -165.34023 -164.93933 -162.84412 -165.463 -164.96579 -164.50293 -164.56418 -165.49043 -165.19691 -164.32155 -164.71365 -163.7069 -160.62521 -157.47845 -155.2775 -154.0664 -153.93214 -154.12544 -153.29019 -153.69128 -154.32138 -155.93196 -156.69638 -153.20444 -151.0048 -150.1438 -147.9418 -147.12872 -147.01685 -148.3781 -147.0756 -146.4996 -144.84302 -142.48444 -141.14693 -136.48997 -139.29292 -139.40158 -136.72017 -140.44643 -140.8044 -142.43498 -141.30624 -140.17139 -137.22414 -136.50507 -135.5996 -133.85312 -132.1577 -128.9468 -126.75106 -126.43318 -124.66326 -124.32355 -122.49638 -122.01121 -119.17691
-168.41193 -166.3482 -163.80453 -163.35127 -164.10661 -164.8448 -163.59106 -164.22021 -165.31577 -165.11096 -165.41449 -164.01509 -161.35667 -158.42554 -156.71565 -154.54903 -153.4706 -152.62497 -153.43678 -154.14508 -154.96202 -154.79182 -155.20782 -155.06372 -153.61795 -151.19128 -147.33524 -145.92029 -148.89204 -148.29102 -145.33702 -146.82495 -147.14848 -142.32301 -144.87016 -141.79477 -141.80376 -140.66534 -139.77257 -139.93459 -141.87193 -141.03838 -140.75475 -139.30127 -137.73106 -136.72968 -136.10315 -131.34184 -130.11841 -127.85239 -126.02175 -124.92926 -121.83327 -120.49362 -119.08558 -119.4499 -118.89062 -115.72837
-169.2233 -167.54276 -166.34602 -165.1988 -164.9707 -166.30714 -165.02019 -165.07027 -166.29417 -165.99327 -164.89006 -162.49677 -160.17738 -157.13127 -155.98567 -153.41623 -152.31828 -152.7026 -153.82867 -154.7243 -154.01073 -154.20035 -154.9599 -151.96811 -153.73235 -147.74017 -148.87856 -149.58281 -148.45337 -149.13757 -149.56023 -144.65784 -146.21292 -144.85126 -140.7597 -140.80234 -139.41396 -141.3471 -139.74336 -142.12988 -141.94312 -139.16272 -138.10992 -137.73457 -135.05301 -135.00633 -132.73898 -130.64091 -128.6722 -126.49228 -123.97853 -122.49392 -119.6341 -117.10667 -116.9225 -116.05361 -115.44413 -111.61967
-170.78838 -169.30376 -168.551 -167.70384 -167.33678 -167.60187 -166.82253 -166.91946 -167.4038 -165.6054 -163.41357 -162.01447 -161.01575 -158.491 -155.57133 -153.80019 -153.46774 -153.26788 -153.77467 -154.62444 -154.36368 -153.7347 -154.50613 -151.93079 -153.01077 -151.49812 -149.56056 -149.86165 -149.84744 -149.76909 -148.63847 -147.4854 -145.18883 -145.54546 -144.70361 -136.01556 -137.913 -138.6288 -141.85507 -143.69395 -141.01286 -136.54488 -136.30984 -133.86111 -132.1757 -133.13495 -129.94997 -129.76755 -127.26553 -125.12344 -122.12392 -120.34181 -117.49692 -114.92664 -113.92775 -112.95038 -111.59574 -107.12238
-171.93564 -171.07828 -170.11127 -169.34755 -169.32097 -169.07832 -169.28645 -167.92714 -166.14925 -163.72096 -162.49208 -161.76778 -160.297 -158.65974 -156.23341 -156.03255 -154.5333 -153.61194 -153.5517 -152.74113 -153.7058 -152.2294 -153.36665 -151.78651 -150.5989 -151.28056 -149.46231 -150.38725 -149.78386 -149.70183 -149.75404 -147.99635 -143.99219 -142.29382 -138.52211 -143.16254 -136.74242 -139.01227 -142.80415 -143.23064 -136.96773 -135.56882 -131.5935 -130.66042 -130.27702 -129.82253 -127.67883 -124.8173 -122.02746 -120.38642 -117.97113 -117.17824 -115.40142 -113.21003 -111.46427 -108.78901 -107.33944 -104.61575
-174.27351 -173.11586 -171.88684 -171.37408 -170.8564 -169.86234 -168.10405 -164.83603 -162.70499 -161.80905 -162.43307 -160.9988 -159.39873 -158.75949 -157.71289 -155.70053 -154.45299 -154.04408 -153.34885 -152.43883 -151.49289 -151.7405 -151.92047 -150.77681 -149.87071 -150.1652 -150.15114 -150.72379 -149.65355 -151.36223 -150.0662 -147.48586 -143.67172 -143.95815 -142.31287 -136.82051 -141.98279 -141.94818 -141.25331 -144.00699 -135.39067 -135.24637 -127.92093 -126.84016 -125.35638 -124.77151 -123.88914 -122.18282 -119.3385 -117.53874 -115.85219 -114.12347 -111.35158 -108.60626 -106.25445 -104.13999 -101.93321 -101.53969
-173.9536 -173.36346 -172.82149 -170.99377 -168.5518 -164.86333 -163.63379 -160.50706 -158.70732 -160.44661 -160.77477 -160.26237 -159.46227 -158.18759 -156.97697 -156.2096 -155.1211 -152.82326 -151.70564 -150.23099 -151.26997 -151.92879 -148.52629 -150.96613 -148.4793 -149.52637 -150.71844 -151.0355 -149.8637 -150.98863 -150.57994 -149.04231 -145.58252 -143.67825 -136.55896 -139.92429 -140.23586 -141.67574 -141.73235 -142.92522 -132.82465 -134.23346 -127.41071 -127.51456 -125.82194 -122.52903 -121.3211 -119.72005 -117.47054 -114.85646 -112.71486 -109.85864 -106.47536 -103.29032 -102.02954 -99.55613 -97.11831 -95.86364
-172.06345 -171.13705 -169.5806 -168.85422 -164.45032 -162.1941 -160.23186 -159.97551 -157.36745 -158.4425 -158.85484 -159.15169 -157.16447 -156.05202 -154.96342 -153.71114 -153.69785 -151.69199 -151.54768 -151.16428 -152.51553 -151.04553 -152.40553 -151.1757 -150.23297 -149.20605 -150.49492 -150.77089 -150.55817 -150.50021 -149.91283 -149.85599 -147.79913 -144.0248 -139.87224 -137.6666 -139.78023 -140.05817 -141.31033 -133.52237 -133.44711 -127.26679 -126.03037 -124.71033 -122.17272 -120.87618 -118.64202 -116.29888 -112.96643 -109.84489 -107.70228 -106.12393 -101.62894 -99.48402 -97.05943 -94.69695 -93.4676 -91.69962
-170.94049 -170.11586 -169.00366 -166.19879 -162.65802 -163.60413 -162.24123 -159.72025 -157.32924 -157.61375 -158.81313 -157.4348 -156.70866 -155.24677 -154.03297 -152.64407 -151.11084 -149.6749 -149.77126 -151.71577 -152.42534 -151.54599 -151.84087 -147.87311 -149.45076 -149.186 -149.29675 -149.6848 -148.22998 -147.41478 -149.48209 -146.80006 -147.44803 -145.51717 -141.88112 -141.04048 -139.32529 -137.53735 -140.22964 -134.56656 -127.88491 -126.89713 -125.42753 -122.58793 -120.39833 -116.66333 -114.35871 -111.67367 -107.4897 -106.21131 -100.39998 -100.77886 -97.18219 -95.07568 -93.64509 -91.02272 -88.73667 -86.81367
-170.38274 -169.30334 -167.4598 -165.93875 -163.8337 -162.78378 -162.506 -160.39928 -158.56049 -158.08876 -156.79231 -154.56071 -157.23022 -155.22736 -153.83575 -151.67169 -149.43073 -150.83412 -150.08997 -150.51125 -149.01334 -150.8224 -149.09323 -148.63129 -149.83984 -147.36746 -147.02312 -147.06177 -147.0358 -148.28185 -147.18597 -147.87277 -147.52094 -145.13963 -143.04369 -140.24821 -139.63496 -136.08815 -137.18678 -135.69781 -128.90176 -129.284 -124.93922 -119.91722 -115.99803 -111.8985 -110.0313 -107.3383 -103.43081 -100.72778 -97.17559 -94.63508 -92.2914 -90.49811 -88.07663 -85.90004 -83.99072 -81.94912
-170.0404 -168.26324 -167.18008 -165.43376 -164.40952 -163.03821 -163.19559 -160.68085 -158.73071 -157.438 -155.29482 -154.40694 -156.7999 -155.91888 -153.5472 -151.76901 -150.82353 -149.81595 -148.98346 -150.42284 -150.29517 -150.26659 -150.94664 -149.54729 -147.67215 -148.99397 -148.4195 -147.35402 -146.23627 -144.64447 -145.05022 -145.47337 -146.66783 -144.57094 -143.19876 -139.9079 -137.64034 -135.7031 -127.81092 -129.0355 -127.90541 -120.87722 -118.98444 -116.74302 -111.30522 -108.93114 -105.61079 -102.96644 -99.20677 -96.79752 -94.16142 -90.86154 -88.25682 -85.97098 -84.17948 -81.99863 -79.27353 -77.22667
-169.38947 -167.49963 -166.31395 -165.16544 -163.57326 -163.16026 -163.3554 -161.22095 -158.75935 -157.1233 -156.69691 -155.94566 -155.9408 -155.36539 -153.67574 -151.24562 -150.92673 -144.82613 -149.75288 -151.47575 -151.29774 -149.51353 -150.92656 -151.5061 -149.4096 -149.80186 -149.02728 -149.23053 -148.03465 -144.3571 -144.22571 -146.24522 -143.1966 -143.65613 -141.72865 -138.40477 -133.1389 -129.19695 -125.46235 -122.35096 -118.95306 -119.62728 -116.45346 -112.9144 -108.54203 -103.97132 -102.19554 -99.62312 -96.54015 -93.94036 -90.66142 -87.40846 -85.49151 -81.51058 -80.01249 -75.81185 -73.67294 -72.83293
-168.6536 -166.16148 -165.45403 -164.23544 -163.04195 -162.97148 -163.0084 -161.05031 -159.21927 -157.61781 -157.54547 -156.9099 -155.5803 -153.82988 -152.30763 -150.85371 -149.08643 -151.19337 -150.52998 -149.5043 -150.60611 -148.26569 -149.67262 -149.84966 -148.7259 -149.40442 -149.6336 -147.72011 -146.3061 -144.62683 -144.0597 -143.77528 -143.94687 -141.43784 -139.32545 -134.97186 -130.2361 -126.3663 -123.03669 -122.89067 -117.20594 -116.93782 -112.04128 -108.13509 -104.7046 -100.72046 -98.29849 -95.58765 -92.81926 -89.90234 -87.25516 -83.96377 -81.36384 -77.4129 -73.85596 -71.16879 -68.77792 -68.79558
-167.6807 -165.97421 -163.18613 -162.89679 -161.52812 -160.90688 -161.9611 -160.59425 -158.75282 -157.86075 -159.56834 -158.30388 -157.05174 -155.2982 -155.33925 -154.60922 -151.253 -149.06891 -151.77315 -150.89459 -150.1732 -149.21387 -147.9352 -149.53304 -147.14432 -147.2151 -148.58272 -147.055 -145.8619 -145.71419 -144.36201 -141.16396 -138.90074 -137.78499 -135.96312 -132.4961 -127.36887 -121.71006 -115.57951 -110.40086 -113.96419 -114.61806 -109.35505 -103.97222 -102.08555 -97.26277 -94.68676 -90.72166 -87.68607 -84.84983 -82.34095 -78.92724 -75.49533 -73.15349 -69.41981 -66.49417 -64.03526 -62.0875
-166.94173 -164.28192 -162.81934 -160.25189 -160.02963 -158.87212 -159.25764 -159.4869 -157.36177 -157.69917 -158.7985 -159.83151 -159.72377 -158.0693 -157.00414 -151.87492 -153.30203 -155.62198 -154.5299 -152.85521 -150.92908 -148.72551 -145.64145 -147.07146 -145.59274 -145.79295 -146.28212 -146.11229 -145.50882 -144.94702 -141.7232 -137.2549 -135.117 -133.43597 -131.40215 -126.96032 -120.33349 -108.38641 -113.65644 -115.5658 -111.16391 -108.52695 -104.57623 -99.18552 -94.44134 -94.93362 -90.85185 -86.96343 -84.2985 -81.24795 -78.48444 -76.39692 -71.24438 -69.09649 -65.77632 -61.58887 -60.27915 -56.90742
-163.2475 -163.39905 -161.28757 -159.9552 -157.6453 -156.80074 -158.1925 -158.74667 -156.22801 -157.5052 -156.99168 -157.9909 -160.14597 -159.83327 -156.94444 -156.64021 -154.4311 -156.02496 -156.06154 -153.58109 -151.9565 -148.36774 -147.49059 -145.5947 -146.35767 -144.55083 -144.19598 -143.71147 -142.74898 -141.63467 -138.81789 -134.00858 -130.52647 -127.95642 -127.5067 -121.15818 -116.63189 -111.88834 -108.46936 -110.01389 -103.08552 -103.0763 -100.13194 -95.87449 -92.32817 -90.51348 -86.58854 -83.8955 -80.42035 -77.69938 -73.44473 -69.98799 -68.13105 -64.1392 -59.95989 -56.67384 -53.27256 -51.08296
-159.89542 -162.2634 -160.5973 -159.46806 -157.01872 -153.8368 -154.66 -155.06966 -155.30379 -155.88359 -157.03961 -158.0846 -158.90013 -159.71587 -158.50069 -156.34705 -155.41264 -155.89476 -155.5538 -154.04703 -152.11879 -149.79578 -147.68779 -147.49779 -144.01875 -143.21379 -141.90526 -140.37492 -141.7373 -138.23074 -135.29965 -130.56395 -124.73459 -123.40822 -122.44027 -117.36047 -111.8923 -102.193 -97.85634 -103.80844 -94.6057 -95.74615 -96.81085 -91.18869 -86.86087 -85.83059 -81.31722 -79.12955 -76.95174 -73.28417 -72.61824 -68.10082 -63.69283 -58.50388 -53.95375 -50.08498 -46.57218 -42.8441
-158.27792 -160.21814 -159.49223 -156.69287 -153.96326 -151.94675 -152.42752 -152.65846 -152.42657 -152.80373 -154.7542 -155.32816 -158.26517 -157.8343 -158.48595 -157.36372 -155.72098 -156.44244 -155.50201 -152.53748 -152.81483 -150.27907 -146.79663 -140.65971 -142.12274 -139.12251 -137.00484 -135.96022 -133.81386 -132.37007 -131.16685 -127.49125 -121.10513 -119.31341 -117.775 -111.1762 -107.84951 -105.47301 -101.60507 -94.42198 -96.37769 -92.95595 -87.77725 -82.88807 -81.62127 -80.57115 -78.09909 -71.56026 -72.21513 -68.62162 -65.68077 -61.11123 -55.71982 -51.27344 -47.52308 -44.6625 -41.35501 -39.09099
-157.38535 -157.16283 -158.78896 -155.38368 -150.62408 -150.28452 -151.19304 -150.28355 -149.74292 -148.91615 -151.0202 -150.72331 -152.3931 -153.92313 -156.44936 -157.30132 -156.44264 -154.08035 -151.43056 -151.06763 -151.10449 -146.93187 -143.2095 -140.52136 -137.41048 -134.74033 -132.42511 -132.10875 -130.2366 -127.67432 -125.89467 -125.49918 -118.89641 -116.1691 -113.76978 -110.26672 -105.7917 -104.19854 -99.93161 -94.62787 -90.36866 -83.00049 -83.1285 -81.50116 -79.48457 -78.19421 -71.68527 -67.36579 -65.53975 -61.79704 -58.85697 -52.58109 -47.97681 -45.95764 -43.18252 -40.61115 -34.47404 -34.78707
