java/reframeJava_export_HTRANS_grid/korrektur-ascii.grd
ncols 409
nrows 281
xllcorner 42000.0
yllcorner 460000.0
cellsize 1000.0
NODATA_value -9999
[rows 120 to 139 of 281, columns 352 to 395 of 409]
-0.05497727170587 -0.05522622913122 -0.05549298599362 -0.05578021705151 -0.05608990415931 -0.05642392858863 -0.05678331106901 -0.05716901272535 -0.05758202075958 -0.05802473053336 -0.05850998312235 -0.05905603617430 -0.05970150232315 -0.06050666794181 -0.06153659895062 -0.06284443289042 -0.06441848725080 -0.06620006263256 -0.06799648702145 -0.06955034285784 -0.07080188393593 -0.07225877791643 -0.07373924553394 -0.07535053044558 -0.07722618430853 -0.07941257208586 -0.08190556615591 -0.08459744602442 -0.08738138526678 -0.07591314613819 -0.07662454247475 -0.07733777165413 -0.07804752886295 -0.07874985784292 -0.07944308221340 -0.08012782782316 -0.08080584555864 -0.08148098737001 -0.08215958625078 -0.08284925669432 -0.08356003463268 -0.08430134505033 -0.08508092164993 -0.08590073883533
-0.05550854653120 -0.05570404976606 -0.05591626465321 -0.05614674463868 -0.05639709532261 -0.05666885524988 -0.05696257576346 -0.05727926269174 -0.05761844664812 -0.05798792466521 -0.05840071663260 -0.05887996032834 -0.05948108062148 -0.06027230247855 -0.06135413423181 -0.06277292221785 -0.06455574184656 -0.06667045503855 -0.06883896887302 -0.07068768143654 -0.07195720821619 -0.07310932874680 -0.07433524727821 -0.07577398419380 -0.07751166820526 -0.07958779484034 -0.08197995275259 -0.08457557111979 -0.08727326244116 -0.07583491504192 -0.07656391710043 -0.07729438692331 -0.07802064716816 -0.07873825728893 -0.07944601774216 -0.08014397323132 -0.08083374798298 -0.08152002841234 -0.08220866322517 -0.08290758728981 -0.08362682163715 -0.08437597006559 -0.08516397327185 -0.08599053323269
-0.05605749785900 -0.05619998648763 -0.05635785683990 -0.05653133988380 -0.05672129988670 -0.05692871659994 -0.05715378001332 -0.05739752948284 -0.05766074731946 -0.05795240402222 -0.05828853324056 -0.05870257690549 -0.05925444886088 -0.06002372875810 -0.06112263351679 -0.06261020153761 -0.06454488635063 -0.06692665070295 -0.06952792406082 -0.07179643958807 -0.07284974306822 -0.07363299280405 -0.07462585717440 -0.07593642175198 -0.07759288698435 -0.07959285378456 -0.08189027756453 -0.08438505977392 -0.08697069436312 -0.07568837702274 -0.07644356042147 -0.07719760388136 -0.07794517278671 -0.07868219912052 -0.07940739393234 -0.08012091368437 -0.08082482963800 -0.08152389526367 -0.08222411572933 -0.08293380588293 -0.08366300910711 -0.08442158997059 -0.08521798998117 -0.08605263382196
-0.05663024261594 -0.05672187730670 -0.05682718381286 -0.05694525316358 -0.05707499384880 -0.05721728503704 -0.05737217515707 -0.05754097923636 -0.05772726237774 -0.05793908983469 -0.05820129066706 -0.05855172127485 -0.05905602127314 -0.05979391559958 -0.06085868552327 -0.06232722103596 -0.06420020759106 -0.06653150171041 -0.06936179101467 -0.07244065403938 -0.07266953587532 -0.07320211082697 -0.07424603402615 -0.07565298676491 -0.07736486941576 -0.07935623824596 -0.08159326761961 -0.08399689942598 -0.08648370951414 -0.07547370344400 -0.07626444101334 -0.07704881578684 -0.07782280445099 -0.07858319580555 -0.07932856678963 -0.08006013184786 -0.08078028261662 -0.08149362355471 -0.08220715820789 -0.08292908966541 -0.08366978168488 -0.08443895727396 -0.08524452149868 -0.08608857542276
-0.05723117664456 -0.05727629363537 -0.05733380466700 -0.05739885941148 -0.05747025460005 -0.05754861980677 -0.05763369798660 -0.05772859603167 -0.05783714354038 -0.05797469615936 -0.05816675722599 -0.05845819786191 -0.05891503766179 -0.05961031094193 -0.06063351035118 -0.06194872036576 -0.06347292661667 -0.06507288664579 -0.06655820459127 -0.06804143637419 -0.06961000710726 -0.07130646705627 -0.07308305054903 -0.07489677518606 -0.07680926471949 -0.07886199653149 -0.08107601851225 -0.08341501653194 -0.08582407236099 -0.07519824057817 -0.07603259384632 -0.07685327529907 -0.07765813916922 -0.07844474166632 -0.07921317219734 -0.07996474951506 -0.08070235699415 -0.08143179118633 -0.08215978741646 -0.08289498835802 -0.08364782482386 -0.08442819118500 -0.08524522930384 -0.08609879761934
-0.05786307156086 -0.05786964669824 -0.05788536369801 -0.05790269374847 -0.05791917070746 -0.05793494731188 -0.05795108899474 -0.05797278136015 -0.05800757929683 -0.05807387828827 -0.05820203572512 -0.05844523757696 -0.05887186154723 -0.05955526232719 -0.06055318191648 -0.06178383529186 -0.06303427368402 -0.06388486176729 -0.06387959420681 -0.06358772516251 -0.06641598790884 -0.06924495846033 -0.07173497229815 -0.07395157963037 -0.07605763524771 -0.07816728949547 -0.08035375177860 -0.08262183517218 -0.08493445813656 -0.07487593591213 -0.07575827091932 -0.07661870121956 -0.07745701074600 -0.07827214896679 -0.07906503230333 -0.07983779907227 -0.08059433102608 -0.08134075254202 -0.08208417892456 -0.08283370733261 -0.08359979093075 -0.08439261466265 -0.08522080630064 -0.08608496934175
-0.05852357670665 -0.05850350111723 -0.05848724767566 -0.05846522748470 -0.05843100324273 -0.05838606879115 -0.05833457782865 -0.05828410759568 -0.05824751779437 -0.05824505165219 -0.05831570550799 -0.05851610377431 -0.05892865732312 -0.05962761864066 -0.06066594272852 -0.06200118362904 -0.06336282938719 -0.06425374746323 -0.06399809569120 -0.06390696763992 -0.06582527607679 -0.06834891438484 -0.07084463536739 -0.07312760502100 -0.07525430619717 -0.07734140008688 -0.07946372032166 -0.08163956552744 -0.08385144919157 -0.07452405244112 -0.07545423507690 -0.07635495066643 -0.07722720503807 -0.07807140797377 -0.07888896763325 -0.07968353480101 -0.08045963943005 -0.08122348785400 -0.08198323845863 -0.08274787664413 -0.08352819085121 -0.08433417230844 -0.08517389744520 -0.08604960143566
-0.05920186638832 -0.05917255952954 -0.05914037302136 -0.05908845365047 -0.05900981277227 -0.05890775844455 -0.05878961458802 -0.05866893753409 -0.05856107547879 -0.05849222093821 -0.05850177630782 -0.05865306407213 -0.05902925133705 -0.05972113087773 -0.06081746891141 -0.06228219717741 -0.06395990401506 -0.06541054695845 -0.06510853767395 -0.06511697173119 -0.06633802503347 -0.06828146427870 -0.07041639834642 -0.07247793674469 -0.07446876168251 -0.07643599063158 -0.07844900339842 -0.08051712810993 -0.08262405544519 -0.07415874302387 -0.07513331621885 -0.07607199996710 -0.07697695493698 -0.07784888148308 -0.07869091629982 -0.07950695604086 -0.08030221611261 -0.08108402043581 -0.08186026662588 -0.08264029771090 -0.08343486487865 -0.08425404876471 -0.08510711789131 -0.08599408715963
-0.05988346412778 -0.05986915901303 -0.05984088778496 -0.05977373570204 -0.05965777859092 -0.05949966982007 -0.05931541323662 -0.05912507697940 -0.05894831195474 -0.05881211906672 -0.05875493586063 -0.05883754789829 -0.05914335697889 -0.05976775288582 -0.06079318746924 -0.06219780445099 -0.06378498673439 -0.06510053575039 -0.06548230350018 -0.06588815897703 -0.06689445674419 -0.06841150671244 -0.07014410197735 -0.07190962880850 -0.07367692887783 -0.07547055929899 -0.07734013348818 -0.07927846908569 -0.08125641942024 -0.07379348576069 -0.07480596750975 -0.07577847689390 -0.07671298086643 -0.07761085778475 -0.07847572118044 -0.07931218296289 -0.08012642711401 -0.08092585951090 -0.08171857148409 -0.08251427859068 -0.08332351595163 -0.08415655791759 -0.08502218872309 -0.08592100441456
-0.06054909899831 -0.06058187037706 -0.06058546900749 -0.06051858887076 -0.06037094444036 -0.06015628203750 -0.05990475416183 -0.05964542180300 -0.05940271168947 -0.05920071899891 -0.05907432362437 -0.05907225608826 -0.05927117168903 -0.05975862964988 -0.06061927601695 -0.06187747046351 -0.06330144405365 -0.06456093490124 -0.06538016349077 -0.06613034009933 -0.06713286042213 -0.06839460134506 -0.06982216238976 -0.07131134718657 -0.07284697890282 -0.07445600628853 -0.07616905868053 -0.07796903699636 -0.07981394231319 -0.07343629747629 -0.07447990030050 -0.07548114657402 -0.07644142210484 -0.07736261188984 -0.07824821770191 -0.07910396158695 -0.07993644475937 -0.08075298368931 -0.08156214654446 -0.08237350732088 -0.08319779485464 -0.08404478430748 -0.08492279052734 -0.08583396673203
-0.06119342520833 -0.06131095439196 -0.06137463077903 -0.06132378056645 -0.06114362925291 -0.06086549535394 -0.06054189056158 -0.06021570786834 -0.05991273000836 -0.05965557321906 -0.05946623906493 -0.05937714129686 -0.05944881588221 -0.05975674837828 -0.06040753051639 -0.06151542440057 -0.06281364709139 -0.06405632197857 -0.06509005278349 -0.06604580581188 -0.06706204265356 -0.06818832457066 -0.06938969343901 -0.07064463198185 -0.07197276502848 -0.07340458035469 -0.07497256994247 -0.07663709670305 -0.07835786789656 -0.07309072464705 -0.07415972650051 -0.07518502324820 -0.07616747915745 -0.07710887491703 -0.07801347970963 -0.07888701558113 -0.07973671704531 -0.08056990057230 -0.08139499276876 -0.08222184330225 -0.08306042850018 -0.08392083644867 -0.08481263369322 -0.08573526144028
-0.06181454285979 -0.06206255033612 -0.06222318485379 -0.06219586730003 -0.06196926906705 -0.06160789728165 -0.06120144575834 -0.06081030890346 -0.06046085059643 -0.06016719341278 -0.05993729084730 -0.05978727713227 -0.05975837633014 -0.05990352109075 -0.06031908467412 -0.06132800504565 -0.06251451373100 -0.06369944661856 -0.06478747725487 -0.06580857932568 -0.06681354343891 -0.06782784312963 -0.06885544955730 -0.06992682814598 -0.07107845693827 -0.07235548645258 -0.07377911359072 -0.07530760020018 -0.07688975334167 -0.07275769114494 -0.07384718954563 -0.07489255070686 -0.07589390873909 -0.07685329020023 -0.07777497172356 -0.07866511493921 -0.07953117042780 -0.08038030564785 -0.08122094720602 -0.08206278830767 -0.08291559666395 -0.08378966152668 -0.08469374477863 -0.08562794327736
-0.06242419034243 -0.06286293268204 -0.06315875053406 -0.06314977258444 -0.06284013390541 -0.06235567107797 -0.06184681504965 -0.06139556318521 -0.06102044507861 -0.06071641668677 -0.06048223748803 -0.06032173708081 -0.06026447936893 -0.06037269160151 -0.06074280664325 -0.06152034178376 -0.06250736862421 -0.06355712562799 -0.06458739191294 -0.06556821614504 -0.06650640070438 -0.06740543991327 -0.06829037517309 -0.06920377910137 -0.07020817697048 -0.07133949548006 -0.07262042909861 -0.07400939613581 -0.07545027136803 -0.07243447005749 -0.07354125380516 -0.07460388541222 -0.07562197744846 -0.07659740746021 -0.07753501832485 -0.07844086736441 -0.07932230830193 -0.08018697798252 -0.08104272931814 -0.08189889043570 -0.08276604115963 -0.08365327119827 -0.08456873148680 -0.08551470935345
-0.06300716102123 -0.06373521685600 -0.06421843171120 -0.06421121954918 -0.06374791264534 -0.06306771188974 -0.06243664398789 -0.06193851307034 -0.06156153976917 -0.06128256767988 -0.06107911095023 -0.06094324216247 -0.06090616434813 -0.06101484596729 -0.06133980304003 -0.06194045767188 -0.06273203343153 -0.06362219899893 -0.06452769786119 -0.06540660560131 -0.06623271852732 -0.06700605899096 -0.06774947792292 -0.06852214783430 -0.06937905400991 -0.07037082314491 -0.07151739299297 -0.07276710867882 -0.07407213747501 -0.07211508601904 -0.07323787361383 -0.07431639730930 -0.07535000145435 -0.07634048908949 -0.07729302346706 -0.07821394503117 -0.07911051064730 -0.07998988032341 -0.08086016029119 -0.08173040300608 -0.08261039853096 -0.08350988477468 -0.08443785458803 -0.08539389818907
-0.06348497420549 -0.06467846781015 -0.06542629748583 -0.06539396196604 -0.06466833502054 -0.06368643045425 -0.06292475759983 -0.06240820139647 -0.06206431239843 -0.06183635443449 -0.06168706342578 -0.06160362437367 -0.06160538271070 -0.06172512844205 -0.06200990453362 -0.06248654052615 -0.06311880797148 -0.06384624540806 -0.06460492312908 -0.06534729897976 -0.06603705137968 -0.06667102128267 -0.06727301329374 -0.06790249794722 -0.06861858069897 -0.06947247684002 -0.07047232240438 -0.07157269865274 -0.07272046804428 -0.07179147750139 -0.07293034344912 -0.07402469962835 -0.07507360726595 -0.07607891410589 -0.07704637199640 -0.07798229902983 -0.07889338582754 -0.07978723943233 -0.08067162334919 -0.08155502378941 -0.08244764059782 -0.08335919678211 -0.08429753035307 -0.08526346087456
-0.06363952904940 -0.06562104821205 -0.06673472374678 -0.06667610257864 -0.06556443125010 -0.06414134800434 -0.06329709291458 -0.06281140446663 -0.06252622604370 -0.06236010789871 -0.06227694451809 -0.06225726008415 -0.06230506300926 -0.06244481354952 -0.06270135939121 -0.06309176236391 -0.06359670311213 -0.06417726725340 -0.06478612124920 -0.06537795811892 -0.06591994315386 -0.06640633940697 -0.06686664372683 -0.06735147535801 -0.06792972236872 -0.06863537430763 -0.06947918236256 -0.07041889429092 -0.07140400260687 -0.07145343720913 -0.07261036336422 -0.07372109591961 -0.07478632777929 -0.07580744475126 -0.07679004222155 -0.07774109393358 -0.07866690307856 -0.07957474142313 -0.08047278225422 -0.08136900514364 -0.08227369934320 -0.08319643139839 -0.08414425700903 -0.08511941879988
-0.06295538693666 -0.06632199138403 -0.06787785142660 -0.06790311634541 -0.06639046221972 -0.06444582343102 -0.06365114450455 -0.06321270018816 -0.06296645849943 -0.06285151839256 -0.06282873451710 -0.06286888569593 -0.06296955794096 -0.06313407421112 -0.06337534636259 -0.06370274722576 -0.06410633027554 -0.06455937772989 -0.06502532213926 -0.06546819210052 -0.06585568189621 -0.06619379669428 -0.06650684773922 -0.06684932857752 -0.06727722287178 -0.06783141940832 -0.06851789355278 -0.06929501146078 -0.07011929154396 -0.07109354436398 -0.07227002084255 -0.07340016216040 -0.07448308914900 -0.07552050054073 -0.07651946693659 -0.07748603820801 -0.07842625677586 -0.07934831827879 -0.08025947958231 -0.08116751909256 -0.08208329975605 -0.08301594108343 -0.08397328108549 -0.08495624363422
-0.06073717772961 -0.06615822017193 -0.06803202629089 -0.06855282932520 -0.06706861406565 -0.06530714780092 -0.06425378471613 -0.06367006897926 -0.06337960809469 -0.06327933073044 -0.06330415606499 -0.06340659409761 -0.06356271356344 -0.06375960260630 -0.06399761140347 -0.06428092718124 -0.06460259854794 -0.06494218111038 -0.06527455151081 -0.06557122617960 -0.06580955535173 -0.06599888205528 -0.06616491824389 -0.06635905057192 -0.06663665175438 -0.06703548878431 -0.06755435466766 -0.06815949827433 -0.06880456209183 -0.07070565968752 -0.07190590351820 -0.07305745780468 -0.07415963709354 -0.07521545886993 -0.07623148709536 -0.07721381634474 -0.07816901803017 -0.07910481840372 -0.08002828806639 -0.08094780147076 -0.08187377452850 -0.08281540870667 -0.08378046005964 -0.08477019518614
-0.05676780641079 -0.06232205405831 -0.06558925658464 -0.06692009419203 -0.06648495793343 -0.06541503220797 -0.06451594084501 -0.06393538415432 -0.06364529579878 -0.06357626616955 -0.06365854293108 -0.06383247673512 -0.06405110657215 -0.06429167836905 -0.06453936547041 -0.06479214131832 -0.06504508852959 -0.06528408080339 -0.06548944860697 -0.06564592570066 -0.06574035435915 -0.06578012555838 -0.06580106168985 -0.06584671884775 -0.06597185134888 -0.06620706617832 -0.06655450910330 -0.06697829812765 -0.06744284182787 -0.07029158622026 -0.07151921093464 -0.07269400358200 -0.07381781190634 -0.07489363104105 -0.07592710107565 -0.07692555338144 -0.07789580523968 -0.07884442806244 -0.07977968454361 -0.08070993423462 -0.08164492249489 -0.08259438723326 -0.08356574922800 -0.08456084877253
-0.05647248029709 -0.06018850207329 -0.06327524036169 -0.06497605890036 -0.06529992073774 -0.06487675011158 -0.06430792063475 -0.06387443095446 -0.06367255747318 -0.06368162482977 -0.06385155022144 -0.06411295384169 -0.06441272795200 -0.06470911949873 -0.06497697532177 -0.06521213799715 -0.06540795415640 -0.06555424630642 -0.06564357131720 -0.06566614657640 -0.06561447679996 -0.06551053375006 -0.06538347899914 -0.06527899205685 -0.06524681299925 -0.06531731039286 -0.06549122184515 -0.06574060767889 -0.06602910906076 -0.06986244767904 -0.07111874222755 -0.07231985032558 -0.07346627116203 -0.07456215471029 -0.07561372220516 -0.07662788778543 -0.07761202752590 -0.07857314497232 -0.07951884716749 -0.08045805990696 -0.08140057325363 -0.08235586434603 -0.08333279192448 -0.08433144539595
