java/reframeJava_export_HTRANS_grid/korrektur-ascii.grd
ncols 409
nrows 281
xllcorner 42000.0
yllcorner 460000.0
cellsize 1000.0
NODATA_value -9999
[rows 180 to 199 of 281, columns 220 to 263 of 409]
-0.08397597819567 -0.08401357382536 -0.08380670845509 -0.08332426846027 -0.08255565911531 -0.08150710910559 -0.08019771426916 -0.07866530865431 -0.07695023715496 -0.07509474456310 -0.07313887774944 -0.07111155986786 -0.06902730464935 -0.06688842177391 -0.06469940394163 -0.06246795877814 -0.06020408868790 -0.05792437493801 -0.05564588680863 -0.05337985232472 -0.05113605037332 -0.04891767352819 -0.04672332480550 -0.04455183818936 -0.04239868745208 -0.04024256020784 -0.03803860396147 -0.03568325564265 -0.03295541554689 -0.02977285161614 -0.02964498661458 -0.02886910364032 -0.02754198946059 -0.02596058137715 -0.02436248585582 -0.02290800213814 -0.02173230424523 -0.02093116752803 -0.02062798663974 -0.02139709331095 -0.02252957224846 -0.02379101887345 -0.02508450672030 -0.02639319747686
-0.08313226699829 -0.08308991044760 -0.08281401544809 -0.08228532224894 -0.08149611204863 -0.08045022934675 -0.07916151732206 -0.07765308022499 -0.07595597952604 -0.07410678267479 -0.07213928550482 -0.07008463144302 -0.06795778870583 -0.06576894968748 -0.06352347135544 -0.06123131141067 -0.05890483781695 -0.05655883252621 -0.05420576781034 -0.05185456201434 -0.04950829595327 -0.04716384038329 -0.04481434449553 -0.04244716838002 -0.04003911465406 -0.03755154460669 -0.03492344915867 -0.03210886195302 -0.02915982529521 -0.02661053091288 -0.02614272758365 -0.02572616934776 -0.02494912408292 -0.02389157190919 -0.02270738780499 -0.02154162339866 -0.02057887241244 -0.01995186880231 -0.01983352378011 -0.02047913707793 -0.02154008485377 -0.02278245426714 -0.02409903332591 -0.02544953115284
-0.08206878602505 -0.08195206522942 -0.08161309361458 -0.08103805035353 -0.08022243529558 -0.07916878908873 -0.07788509875536 -0.07638800889254 -0.07470254600048 -0.07285903394222 -0.07088885456324 -0.06881942600012 -0.06666871905327 -0.06444811075926 -0.06216315925121 -0.05982655659318 -0.05745053663850 -0.05504954606295 -0.05263625457883 -0.05021710321307 -0.04779190197587 -0.04535675793886 -0.04290266335011 -0.04041307047009 -0.03786913678050 -0.03524398803711 -0.03251748904586 -0.02974680624902 -0.02713201753795 -0.02516057342291 -0.02442155033350 -0.02373815514147 -0.02301230095327 -0.02216920256615 -0.02124415896833 -0.02034530043602 -0.01964149437845 -0.01926922239363 -0.01934464089572 -0.01994277536869 -0.02089565992355 -0.02204465307295 -0.02329762279987 -0.02461369521916
-0.08082239329815 -0.08063491433859 -0.08023460954428 -0.07961292564869 -0.07876586914063 -0.07769557088614 -0.07640717923641 -0.07491364330053 -0.07323449850082 -0.07139620929956 -0.06942673027515 -0.06735111773014 -0.06518686562777 -0.06294599920511 -0.06063653901219 -0.05826881527901 -0.05585869774222 -0.05342019721866 -0.05096574872732 -0.04850133135915 -0.04602766036987 -0.04354088380933 -0.04103569313884 -0.03850238770247 -0.03592885658145 -0.03331557661295 -0.03068191371858 -0.02811594493687 -0.02582385577261 -0.02408793196082 -0.02306305803359 -0.02225586585701 -0.02150984853506 -0.02073573879898 -0.01995950564742 -0.01926424913108 -0.01879678852856 -0.01869980618358 -0.01897978410125 -0.01959707774222 -0.02046062238514 -0.02148685790598 -0.02262493595481 -0.02385292388499
-0.07942243665457 -0.07916590571404 -0.07870567589998 -0.07803542912006 -0.07715337723494 -0.07606063783169 -0.07476124912500 -0.07326492667198 -0.07158735394478 -0.06975241750479 -0.06778491288424 -0.06570823490620 -0.06353849917650 -0.06128764525056 -0.05896379053593 -0.05658027529716 -0.05415108799934 -0.05169328302145 -0.04921805858612 -0.04673281311989 -0.04423963278532 -0.04173850268126 -0.03922908008099 -0.03670972213149 -0.03418488800526 -0.03166784718633 -0.02919011190534 -0.02685229480267 -0.02479394525290 -0.02316136658192 -0.02199963480234 -0.02109187841415 -0.02028769254684 -0.01953174360096 -0.01882443390787 -0.01824451424181 -0.01798149943352 -0.01817646063864 -0.01868715137243 -0.01936201937497 -0.02014370635152 -0.02102888189256 -0.02202113159001 -0.02312453463674
-0.07789253443480 -0.07756820321083 -0.07704819738865 -0.07632860541344 -0.07540871948004 -0.07428936660290 -0.07297390699387 -0.07146989554167 -0.06979104131460 -0.06795800477266 -0.06599339842796 -0.06391890347004 -0.06174946576357 -0.05949677899480 -0.05717090517282 -0.05478410050273 -0.05235169082880 -0.04989150911570 -0.04741493985057 -0.04493081569672 -0.04244355484843 -0.03995652496815 -0.03747564926744 -0.03500952199101 -0.03256967663765 -0.03017777018249 -0.02787300385535 -0.02573047578335 -0.02384085766971 -0.02228417806327 -0.02107076160610 -0.02009375765920 -0.01924735866487 -0.01848317496479 -0.01779885590076 -0.01728560030460 -0.01715719699860 -0.01769801229239 -0.01848806068301 -0.01920742169023 -0.01988132484257 -0.02060141600668 -0.02142470516264 -0.02238302677870
-0.07625198364258 -0.07586085796356 -0.07528150081635 -0.07451187819242 -0.07355202734470 -0.07240329682827 -0.07106825709343 -0.06955394893885 -0.06787177175283 -0.06604020297527 -0.06407983601093 -0.06201045960188 -0.05984733626246 -0.05760125070810 -0.05528295785189 -0.05290542170405 -0.05048419907689 -0.04803635925055 -0.04557606577873 -0.04311129450798 -0.04064944013953 -0.03819804638624 -0.03576757386327 -0.03337343409657 -0.03103240020573 -0.02876954525709 -0.02662237733603 -0.02463825419545 -0.02288185432553 -0.02139636501670 -0.02017698064446 -0.01917416229844 -0.01831932365894 -0.01756470091641 -0.01692827977240 -0.01647778041661 -0.01640597544611 -0.01735662110150 -0.01843310706317 -0.01910054869950 -0.01960572786629 -0.02013287693262 -0.02078139781952 -0.02158874832094
-0.07451871037483 -0.07406096160412 -0.07342211157084 -0.07260200381279 -0.07160137593746 -0.07042156904936 -0.06906582415104 -0.06753963977098 -0.06585266441107 -0.06402254849672 -0.06206797063351 -0.06000800430775 -0.05785631388426 -0.05562453716993 -0.05332253873348 -0.05096432194114 -0.04856569319963 -0.04614450037479 -0.04371368512511 -0.04128409177065 -0.03886375203729 -0.03646314889193 -0.03409676253796 -0.03178475797176 -0.02954554930329 -0.02740466408432 -0.02539111860096 -0.02354153804481 -0.02189421094954 -0.02047535218298 -0.01928615756333 -0.01829696446657 -0.01746505871415 -0.01678236946464 -0.01627567596734 -0.01604529283941 -0.01629088632762 -0.01727072149515 -0.01845397241414 -0.01888964325190 -0.01918789558113 -0.01954079046845 -0.02002851106226 -0.02070160955191
-0.07270746678114 -0.07218305766582 -0.07148526608944 -0.07061472535133 -0.06957285106182 -0.06836158782244 -0.06698413938284 -0.06544515490532 -0.06375374644995 -0.06192598491907 -0.05997937545180 -0.05793145298958 -0.05579616874456 -0.05358461290598 -0.05130653455853 -0.04897647351027 -0.04661040008068 -0.04422557726502 -0.04183654487133 -0.03945446759462 -0.03708803653717 -0.03475020453334 -0.03245734795928 -0.03023080155253 -0.02809088490903 -0.02606090717018 -0.02416460961103 -0.02242618426681 -0.02087175659835 -0.01952139660716 -0.01837551780045 -0.01742111518979 -0.01664269156754 -0.01604463718832 -0.01566714234650 -0.01560544222593 -0.01597038283944 -0.01679275929928 -0.01771105639637 -0.01820218935609 -0.01848085597157 -0.01875024661422 -0.01913243345916 -0.01970420032740
-0.07083273679018 -0.07024230808020 -0.06948637217283 -0.06856542080641 -0.06748227030039 -0.06623968482018 -0.06483977288008 -0.06328810006380 -0.06159293651581 -0.05976816639304 -0.05783103406429 -0.05579804629087 -0.05368250980973 -0.05149555578828 -0.04924760013819 -0.04695192724466 -0.04462582245469 -0.04228618741035 -0.03994800895452 -0.03762287274003 -0.03532073646784 -0.03305451199412 -0.03084199689329 -0.02870348282158 -0.02666124701500 -0.02473372966051 -0.02294057421386 -0.02129969000816 -0.01982878893614 -0.01854309812188 -0.01744678057730 -0.01653613708913 -0.01581118814647 -0.01528321206570 -0.01499452441931 -0.01501016411930 -0.01538029778749 -0.01605140790343 -0.01678731478751 -0.01729410700500 -0.01756956800818 -0.01778690889478 -0.01810221560299 -0.01859571412206
-0.06891307979822 -0.06825673580170 -0.06744254380465 -0.06647191196680 -0.06534771621227 -0.06407363712788 -0.06265206634998 -0.06108757480979 -0.05938799679279 -0.05756692215800 -0.05563990771770 -0.05362378060818 -0.05153066292405 -0.04937166348100 -0.04715677723289 -0.04490054026246 -0.04261915758252 -0.04033095389605 -0.03805041685700 -0.03578972071409 -0.03355836868286 -0.03137062117457 -0.02924285084009 -0.02719607017934 -0.02524929679930 -0.02342014200985 -0.02172338031232 -0.02017151191831 -0.01877796463668 -0.01755582168698 -0.01650911197066 -0.01564136520028 -0.01495776232332 -0.01447362639010 -0.01422249246389 -0.01425370294601 -0.01457627769560 -0.01513685006648 -0.01578085683286 -0.01628716662526 -0.01651945337653 -0.01668707095087 -0.01694156415761 -0.01737985201180
-0.06696598231792 -0.06624428182840 -0.06537284702063 -0.06435289233923 -0.06318817287683 -0.06188295409083 -0.06043928489089 -0.05886168405414 -0.05715813115239 -0.05534053593874 -0.05342418700457 -0.05142534151673 -0.04935555905104 -0.04722586646676 -0.04504689946771 -0.04283232241869 -0.04059892520308 -0.03836550563574 -0.03614655509591 -0.03395454958081 -0.03179948776960 -0.02969449758530 -0.02765543013811 -0.02570180967450 -0.02385143190622 -0.02211913280189 -0.02051533386111 -0.01904946565628 -0.01773114502430 -0.01656992174685 -0.01557155605406 -0.01474130433053 -0.01408563833684 -0.01361883524805 -0.01336775999516 -0.01336657162756 -0.01361685339361 -0.01408123504370 -0.01465776283294 -0.01518036797643 -0.01533133722842 -0.01544967759401 -0.01567225530744 -0.01608230359852
-0.06501026451588 -0.06422447413206 -0.06329619884491 -0.06222809478641 -0.06102332845330 -0.05968657135963 -0.05822095274925 -0.05663021281362 -0.05492185428739 -0.05310774222016 -0.05120179802179 -0.04921944811940 -0.04717332869768 -0.04507322981954 -0.04293033853173 -0.04075840488076 -0.03857433795929 -0.03639656677842 -0.03424110636115 -0.03211960941553 -0.03004297986627 -0.02802281454206 -0.02607497014105 -0.02421632781625 -0.02246356196702 -0.02082787081599 -0.01931701041758 -0.01793681643903 -0.01669366285205 -0.01559355016798 -0.01464287098497 -0.01384513825178 -0.01320603024215 -0.01273832470179 -0.01246095728129 -0.01239520404488 -0.01254924014211 -0.01288148015738 -0.01331459451467 -0.01371242851019 -0.01391271594912 -0.01407140213996 -0.01431822869927 -0.01472867932171
-0.06306234002113 -0.06221337243915 -0.06122942268848 -0.06011316925287 -0.05886891111732 -0.05750145763159 -0.05601343512535 -0.05440928414464 -0.05269548669457 -0.05088338628411 -0.04898680001497 -0.04702098295093 -0.04499711468816 -0.04292621091008 -0.04081838577986 -0.03868813440204 -0.03655242174864 -0.03443057090044 -0.03233775496483 -0.03028721176088 -0.02828846871853 -0.02635404653847 -0.02449771948159 -0.02273545041680 -0.02108092606068 -0.01954347267747 -0.01812672428787 -0.01683391444385 -0.01566743850708 -0.01463072281331 -0.01372774317861 -0.01296101044863 -0.01233262941241 -0.01185206975788 -0.01153228059411 -0.01139245834202 -0.01143023278564 -0.01162257418036 -0.01191594451666 -0.01220863498747 -0.01243013329804 -0.01264381501824 -0.01292404346168 -0.01335173565894
-0.06113490462303 -0.06022382900119 -0.05918489769101 -0.05802162736654 -0.05673853307962 -0.05533993616700 -0.05382950976491 -0.05221127718687 -0.05049106851220 -0.04868019372225 -0.04679193720222 -0.04484035447240 -0.04283748939633 -0.04079390317202 -0.03871949389577 -0.03662914410233 -0.03454000130296 -0.03247119113803 -0.03043926320970 -0.02845760807395 -0.02653583697975 -0.02468610182405 -0.02292120270431 -0.02125547453761 -0.01970070227981 -0.01826330833137 -0.01694363728166 -0.01574116572738 -0.01465459726751 -0.01368428859860 -0.01283188443631 -0.01209731213748 -0.01147988718003 -0.01098561380059 -0.01062283758074 -0.01040463894606 -0.01033447962254 -0.01040050014853 -0.01056788302958 -0.01077836751938 -0.01099923159927 -0.01124766096473 -0.01155557297170 -0.01200251560658
-0.05923715233803 -0.05826505273581 -0.05717252194881 -0.05596284940839 -0.05464100465178 -0.05321162566543 -0.05167816951871 -0.05004499852657 -0.04831783100963 -0.04650668054819 -0.04462493956089 -0.04268605262041 -0.04070191085339 -0.03868300467730 -0.03663985058665 -0.03458628058434 -0.03254063054919 -0.03052175417542 -0.02854736149311 -0.02663112804294 -0.02478399127722 -0.02301668375731 -0.02134285122156 -0.01977435871959 -0.01832111179829 -0.01698637567461 -0.01576777920127 -0.01465952396393 -0.01365772262216 -0.01275884080678 -0.01196094974875 -0.01126236841083 -0.01066096220165 -0.01015723869205 -0.00975878536701 -0.00947343930602 -0.00931226927787 -0.00926838722080 -0.00932693015784 -0.00946510769427 -0.00966301094741 -0.00992807187140 -0.01024500280619 -0.01070485357195
-0.05737866461277 -0.05634643509984 -0.05520077794790 -0.05394541099668 -0.05258501321077 -0.05112488567829 -0.04956840351224 -0.04791956022382 -0.04618366062641 -0.04437098279595 -0.04249364137650 -0.04056563228369 -0.03859799727798 -0.03660123422742 -0.03458533063531 -0.03256531059742 -0.03055861778557 -0.02858564257622 -0.02666430361569 -0.02480978704989 -0.02303273044527 -0.02134622633457 -0.01976197771728 -0.01829147711396 -0.01694223657250 -0.01571463793516 -0.01460176706314 -0.01359450817108 -0.01268336549401 -0.01186162792146 -0.01112454384565 -0.01046816073358 -0.00988789461553 -0.00938418973237 -0.00895994901657 -0.00862376578152 -0.00838579144329 -0.00825008749962 -0.00821777991951 -0.00827599596232 -0.00842266064137 -0.00866136047989 -0.00899231620133 -0.00947033055127
-0.05556865036488 -0.05447717010975 -0.05327958986163 -0.05197896435857 -0.05058035999537 -0.04908942431211 -0.04750918596983 -0.04584360122681 -0.04409835115075 -0.04228238016367 -0.04040769115090 -0.03848812729120 -0.03653416410089 -0.03455613553524 -0.03256441280246 -0.03057327121496 -0.02860074304044 -0.02666786126792 -0.02479388006032 -0.02299538627267 -0.02128470130265 -0.01967540383339 -0.01817943528295 -0.01680786348879 -0.01556600164622 -0.01445082947612 -0.01345113292336 -0.01255232002586 -0.01173970848322 -0.01100256200880 -0.01033291313797 -0.00972535461187 -0.00917530525476 -0.00868085492402 -0.00824411120266 -0.00787301827222 -0.00757885398343 -0.00737068522722 -0.00725583452731 -0.00723673496395 -0.00732111465186 -0.00752045307308 -0.00784663856030 -0.00833635777235
-0.05381793901324 -0.05266847833991 -0.05141945555806 -0.05007446929812 -0.04863794893026 -0.04711560159922 -0.04551133140922 -0.04382828623056 -0.04207213595510 -0.04025160148740 -0.03837784007192 -0.03646390140057 -0.03452107682824 -0.03255832940340 -0.03058635815978 -0.02861906960607 -0.02667523175478 -0.02477590553463 -0.02294250950217 -0.02119338884950 -0.01954372413456 -0.01800711639225 -0.01659824140370 -0.01532681379467 -0.01419633161277 -0.01319990400225 -0.01232178322971 -0.01154063548893 -0.01083652209491 -0.01019239984453 -0.00959844049066 -0.00904719997197 -0.00853503402323 -0.00805960688740 -0.00762412324548 -0.00723531655967 -0.00690400740132 -0.00664079422131 -0.00645702192560 -0.00636737141758 -0.00638560159132 -0.00653528561816 -0.00684210332111 -0.00732939690351
-0.05213617533445 -0.05092976614833 -0.04963023960590 -0.04824082180858 -0.04676654562354 -0.04521333426237 -0.04358414933085 -0.04188302904367 -0.04011476039886 -0.03828768432140 -0.03641277551651 -0.03450302034616 -0.03256802633405 -0.03061763755977 -0.02866068109870 -0.02671228721738 -0.02479098923504 -0.02291867509484 -0.02111890912056 -0.01941268704832 -0.01781675778329 -0.01634926721454 -0.01502448134124 -0.01385387685150 -0.01283846609294 -0.01196782756597 -0.01121984701604 -0.01056736148894 -0.00998195167631 -0.00944049935788 -0.00893016625196 -0.00844328198582 -0.00797684490681 -0.00753086572513 -0.00710923830047 -0.00671864254400 -0.00636816257611 -0.00606764201075 -0.00583167467266 -0.00567579315975 -0.00562622956932 -0.00572076160461 -0.00598902581260 -0.00646057818085
