java/reframeJava_export_HTRANS_grid/korrektur-ascii.grd
ncols 409
nrows 281
xllcorner 42000.0
yllcorner 460000.0
cellsize 1000.0
NODATA_value -9999
[rows 240 to 259 of 281, columns 88 to 131 of 409]
-0.04612953215837 -0.04568060860038 -0.04513061419129 -0.04447721689939 -0.04371665418148 -0.04284543916583 -0.04185715690255 -0.04074370488524 -0.03949841856956 -0.03811503574252 -0.03658706322312 -0.03490920364857 -0.03307554870844 -0.03107837960124 -0.02891083993018 -0.02656129002571 -0.02400861121714 -0.02122939750552 -0.01819746010005 -0.01491879951209 -0.01143020577729 -0.00784696731716 -0.00436580646783 -0.00123099016491 0.00125467556063 0.00276347226463 0.00288733444177 0.00109882012475 -0.00329242181033 -0.01131833624095 -0.02433154359460 -0.04301068931818 -0.06416260451078 -0.07305482774973 -0.07753345370293 -0.08037959784269 -0.08208347111940 -0.08263872563839 -0.08207232505083 -0.08065962791443 -0.07872982323170 -0.07661769539118 -0.07458101212978 -0.07277900725603
-0.04434535279870 -0.04379925504327 -0.04315332323313 -0.04240473359823 -0.04155115783215 -0.04058953374624 -0.03951247036457 -0.03831287845969 -0.03698331862688 -0.03551644086838 -0.03390591219068 -0.03214589878917 -0.03022851981223 -0.02814597636461 -0.02589002437890 -0.02344117127359 -0.02077474445105 -0.01785168424249 -0.01464213524014 -0.01113177742809 -0.00733578158543 -0.00338386045769 0.00055129494285 0.00422467105091 0.00737145310268 0.00971079524606 0.01093756314367 0.01071487646550 0.00853460188955 0.00350273540244 -0.00613320712000 -0.02362235076725 -0.05179379135370 -0.05973523855209 -0.06634492427111 -0.07177312672138 -0.07546543329954 -0.07721706479788 -0.07719638198614 -0.07596616446972 -0.07404371351004 -0.07191839814186 -0.06988038122654 -0.06813800334930
-0.04255473613739 -0.04191509634256 -0.04117666557431 -0.04033757746220 -0.03939599543810 -0.03834860399365 -0.03718913719058 -0.03591037914157 -0.03450409695506 -0.03296315670013 -0.03128069639206 -0.02944973856211 -0.02746277861297 -0.02531098946929 -0.02298294194043 -0.02045712992549 -0.01770294643939 -0.01467190869153 -0.01132402010262 -0.00763112306595 -0.00360509008169 0.00063491112087 0.00492097297683 0.00901516247541 0.01267475448549 0.01567635312676 0.01785702444613 0.01909377612174 0.01929812505841 0.01840584352612 0.01605598442256 0.01094568055123 -0.00693282159045 -0.03105886653066 -0.04843614622951 -0.05984256416559 -0.06682839244604 -0.07030626386404 -0.07113245874643 -0.07029048353434 -0.06854376941919 -0.06653262674809 -0.06462467461824 -0.06304948031902
-0.04075931385159 -0.04002935066819 -0.03920223936439 -0.03827675431967 -0.03725115209818 -0.03612289950252 -0.03488649800420 -0.03353445604444 -0.03205891698599 -0.03045216016471 -0.02870732359588 -0.02681712619960 -0.02477416209877 -0.02256866917014 -0.02018734253943 -0.01760803535581 -0.01479316409677 -0.01169360335916 -0.00825005397201 -0.00444142473862 -0.00027393311029 0.00415413500741 0.00865058600903 0.01299238950014 0.01693037897348 0.02028053067625 0.02292406372726 0.02485790103674 0.02606545574963 0.02647176198661 0.02536377683282 0.02025243826210 0.00560783920810 -0.01598070934415 -0.03517424315214 -0.04912135750055 -0.05790672823787 -0.06261093169451 -0.06416572630405 -0.06373185664415 -0.06227892637253 -0.06051190197468 -0.05887619033456 -0.05756403878331
-0.03895894065499 -0.03814150020480 -0.03722897544503 -0.03622007369995 -0.03511402383447 -0.03390952944756 -0.03260057419538 -0.03118066675961 -0.02964190952480 -0.02797672338784 -0.02617802470922 -0.02423898130655 -0.02215185202658 -0.01990703120828 -0.01749249920249 -0.01488223951310 -0.01203967444599 -0.00890593137592 -0.00543103553355 -0.00157776020933 0.00266120512970 0.00715488055721 0.01172956544906 0.01613280735910 0.02011309191585 0.02345478348434 0.02603446133435 0.02779119461775 0.02864848263562 0.02844991721213 0.02608259953558 0.01965941488743 0.00701877148822 -0.01057402882725 -0.02766256779432 -0.04086866974831 -0.04980913177133 -0.05474950745702 -0.05657460168004 -0.05647271126509 -0.05535044521093 -0.05397084727883 -0.05269576236606 -0.05175025761127
-0.03715258464217 -0.03625028207898 -0.03525476902723 -0.03416533395648 -0.03298212587833 -0.03170410916209 -0.03032628819346 -0.02884277701378 -0.02724583633244 -0.02552812173963 -0.02368300966918 -0.02170394174755 -0.01958369463682 -0.01731339842081 -0.01488070469350 -0.01226064283401 -0.00941660627723 -0.00629008561373 -0.00282743549906 0.00101247499697 0.00522551825270 0.00968782044947 0.01421554572880 0.01853424683213 0.02236429415643 0.02544765919447 0.02760544791818 0.02872072160244 0.02864569984376 0.02713057398796 0.02331762760878 0.01617063954473 0.00504662422463 -0.00909561756998 -0.02303918451071 -0.03432105109096 -0.04221857711673 -0.04669713601470 -0.04854242131114 -0.04869610816240 -0.04797827452421 -0.04705383256078 -0.04624293744564 -0.04573957622051
-0.03533789142966 -0.03435286134481 -0.03327608481050 -0.03210861608386 -0.03085046820343 -0.02950079925358 -0.02805707417428 -0.02651299536228 -0.02486123330891 -0.02309563383460 -0.02121016383171 -0.01919806748629 -0.01705422252417 -0.01477008219808 -0.01233261078596 -0.00972141418606 -0.00689778849483 -0.00381014007144 -0.00039495129022 0.00337275187485 0.00748608587310 0.01183994393796 0.01621751673520 0.02035178057849 0.02391722798347 0.02664333954453 0.02828246168792 0.02869662828743 0.02769500017166 0.02502744458616 0.02038631029427 0.01314498856664 0.00336264725775 -0.00785731058568 -0.01893096230924 -0.02809594012797 -0.03454137220979 -0.03841149806976 -0.04018681496382 -0.04063247889280 -0.04038153961301 -0.03997032716870 -0.03969495370984 -0.03965768963099
-0.03350901231170 -0.03244286775589 -0.03128613159060 -0.03004152700305 -0.02870993129909 -0.02729050442576 -0.02578212320805 -0.02417991310358 -0.02247530780733 -0.02066514454782 -0.01874363794923 -0.01670357026160 -0.01454273983836 -0.01225351542234 -0.00982431042939 -0.00723605183885 -0.00445583974943 -0.00142813520506 0.00189282232895 0.00554087618366 0.00952050276101 0.01369329355657 0.01786906085908 0.02175885252655 0.02504494041204 0.02741771936417 0.02860356494784 0.02845589444041 0.02680699527264 0.02357920445502 0.01856551133096 0.01171923708171 0.00345538277179 -0.00563541147858 -0.01430196687579 -0.02144943363965 -0.02668948657811 -0.02995380200446 -0.03171678632498 -0.03247540444136 -0.03273868933320 -0.03291248157620 -0.03315998986363 -0.03360117599368
-0.03165833279490 -0.03051150962710 -0.02927565947175 -0.02795486897230 -0.02655022591352 -0.02506130374968 -0.02348917163908 -0.02182905748487 -0.02007315680385 -0.01822015456855 -0.01626455411315 -0.01420044340193 -0.01202787645161 -0.00973994005471 -0.00732617685571 -0.00477223703638 -0.00204788544215 0.00089698610827 0.00410435395315 0.00760819623247 0.01140123885125 0.01535840705037 0.01929533481598 0.02293018624187 0.02594526670873 0.02803340181708 0.02893404103816 0.02850498631597 0.02662870287895 0.02327191270888 0.01848467625678 0.01242581848055 0.00544441491365 -0.00183933100197 -0.00861216615885 -0.01432157680392 -0.01861821860075 -0.02151158265769 -0.02336515858769 -0.02450722642243 -0.02531220018864 -0.02602231688797 -0.02677550353110 -0.02765872329473
-0.02977765910327 -0.02855024486780 -0.02723704278469 -0.02583871968091 -0.02436067909002 -0.02280374243855 -0.02116601541638 -0.01944737508893 -0.01764216087759 -0.01574452966452 -0.01375564560294 -0.01167147792876 -0.00948793161660 -0.00720504811034 -0.00481398962438 -0.00229934277013 0.00036251966958 0.00321113690734 0.00629819929600 0.00963686034083 0.01321590133011 0.01694424822927 0.02061857469380 0.02399473637342 0.02676385827363 0.02865518257022 0.02943553403020 0.02895531803370 0.02717467769980 0.02409571409225 0.01987547799945 0.01472434680909 0.00896094739437 0.00312079023570 -0.00230432813987 -0.00696737878025 -0.01067118532956 -0.01340680196881 -0.01541756466031 -0.01696587912738 -0.01824041269720 -0.01942215673625 -0.02060915529728 -0.02187063544989
-0.02787046320736 -0.02656231820583 -0.02516999654472 -0.02369628846645 -0.02214395999908 -0.02051723189652 -0.01881592348218 -0.01703786663711 -0.01518025342375 -0.01324091851711 -0.01121771708131 -0.00911115296185 -0.00692058401182 -0.00464297039434 -0.00227579521015 0.00019390959642 0.00278786150739 0.00554078212008 0.00848815869540 0.01165242213756 0.01502970885485 0.01850732043386 0.02192760445178 0.02505552954972 0.02762098610401 0.02938103862107 0.03012261539698 0.02975954487920 0.02825581468642 0.02564851194620 0.02212705090642 0.01790028251708 0.01322220917791 0.00850780028850 0.00408804882318 0.00013258968829 -0.00316865718924 -0.00585047854111 -0.00807125400752 -0.00993516482413 -0.01160093024373 -0.01316437497735 -0.01470323093235 -0.01627710834146
-0.02594649605453 -0.02455760724843 -0.02308928035200 -0.02153929322958 -0.01991238445044 -0.01821823418140 -0.01645167171955 -0.01461286656559 -0.01270571630448 -0.01072203461081 -0.00866286735982 -0.00653689261526 -0.00433691451326 -0.00206359592266 0.00027720042272 0.00270396657288 0.00523247150704 0.00788444932550 0.01070078462362 0.01370041631162 0.01686311140656 0.02010480314493 0.02328122779727 0.02617216296494 0.02855113148689 0.03020771034062 0.03097342886031 0.03078065626323 0.02961882390082 0.02754653431475 0.02472995221615 0.02134279534221 0.01758188568056 0.01375434361398 0.01006391923875 0.00663549406454 0.00359994755127 0.00093415612355 -0.00141518597957 -0.00351291755214 -0.00545007130131 -0.00729094818234 -0.00909394957125 -0.01091370079666
-0.02402987144887 -0.02256284095347 -0.02101770602167 -0.01939605921507 -0.01769685186446 -0.01593328826129 -0.01410594861954 -0.01220775395632 -0.01024781540036 -0.00822356529534 -0.00612928392366 -0.00397927779704 -0.00177364249248 0.00049541529734 0.00281604658812 0.00519706308842 0.00766417151317 0.01022593677044 0.01291804201901 0.01576111093163 0.01872621476650 0.02174854092300 0.02469206973910 0.02736519649625 0.02956784144044 0.03113718144596 0.03193550184369 0.03190460056067 0.03107363171875 0.02950107492507 0.02729118429124 0.02461653389037 0.02161906845868 0.01846180297434 0.01534111332148 0.01233580987900 0.00950728077441 0.00691140489653 0.00451554916799 0.00228952779435 0.00019474774308 -0.00182885455433 -0.00382814672776 -0.00584442820400
-0.02213585935533 -0.02059368975461 -0.01897997409105 -0.01728396676481 -0.01551478356123 -0.01369135640562 -0.01179875060916 -0.00984317250550 -0.00783915817738 -0.00576810399070 -0.00363879441284 -0.00147335231304 0.00074737373507 0.00301400618628 0.00530597148463 0.00765483221039 0.01006420981139 0.01253424212337 0.01511652395129 0.01781545951962 0.02060334384441 0.02342935465276 0.02616967447102 0.02864003367722 0.03069658391178 0.03218666464090 0.03299266099930 0.03311077877879 0.03255674988031 0.03137911483645 0.02969172969460 0.02759478054941 0.02517226897180 0.02258316054940 0.01991942152381 0.01723871380091 0.01464446354657 0.01215607672930 0.00977453775704 0.00751570239663 0.00534388143569 0.00319821666926 0.00106695515569 -0.00109978741966
-0.02026645652950 -0.01865599863231 -0.01697009056807 -0.01520579494536 -0.01337427459657 -0.01148497033864 -0.00953311379999 -0.00752735836431 -0.00547159835696 -0.00335871730931 -0.00120092299767 0.00099124142434 0.00322347274050 0.00548256374896 0.00776179786772 0.01007754914463 0.01242847647518 0.01482793968171 0.01731083914638 0.01987884566188 0.02251674421132 0.02517238073051 0.02773029170930 0.03003774024546 0.03196259588003 0.03337119147182 0.03418835997581 0.03441254049540 0.03406522050500 0.03321080654860 0.03192178905010 0.03026661835611 0.02832263149321 0.02617290616035 0.02387866005301 0.02151255123317 0.01913901977241 0.01678760349751 0.01448549516499 0.01224514190108 0.01003987155855 0.00782935228199 0.00559981260449 0.00330670853145
-0.01838221400976 -0.01670277491212 -0.01494285464287 -0.01311469729990 -0.01121962815523 -0.00926145818084 -0.00725488923490 -0.00519629614428 -0.00308429775760 -0.00093331967946 0.00125713972375 0.00348313245922 0.00572414044291 0.00798288919032 0.01026006322354 0.01254244707525 0.01484781224281 0.01719424873590 0.01958799734712 0.02204658091068 0.02456424199045 0.02707267366350 0.02947774901986 0.03165911510587 0.03346600756049 0.03481049835682 0.03563944250345 0.03593889996409 0.03575109690428 0.03514482825994 0.03415984287858 0.03285074234009 0.03128300234675 0.02948133833706 0.02750441618264 0.02541682682931 0.02324961498380 0.02104887180030 0.01885132305324 0.01664611324668 0.01443129591644 0.01218880619854 0.00987594854087 0.00749035738409
-0.01638202555478 -0.01462985668331 -0.01279238983989 -0.01088993065059 -0.00892674829811 -0.00689678220078 -0.00482306070626 -0.00270697823726 -0.00053426501108 0.00166905124206 0.00389873492531 0.00616357615218 0.00843143928796 0.01069824583828 0.01297962665558 0.01525098457932 0.01752131246030 0.01982682757080 0.02215640060604 0.02452378906310 0.02695092372596 0.02934779785573 0.03163353353739 0.03371473401785 0.03544465452433 0.03673755005002 0.03757795318961 0.03794212266803 0.03787392750382 0.03746790438890 0.03672076016665 0.03568026795983 0.03441055119038 0.03289571776986 0.03117649629712 0.02932590618730 0.02734640799463 0.02528040297329 0.02318230830133 0.02102403901517 0.01880511641502 0.01653363369405 0.01416883617640 0.01170719042420
-0.01414900086820 -0.01230846159160 -0.01038036867976 -0.00839258451015 -0.00634443294257 -0.00422760844231 -0.00207516271621 0.00011732556595 0.00236627086997 0.00463439431041 0.00692382594571 0.00924545619637 0.01155348774046 0.01385111827403 0.01615725830197 0.01843237504363 0.02069400064647 0.02298193611205 0.02526898123324 0.02758120372891 0.02994392625988 0.03225965425372 0.03446652367711 0.03648502379656 0.03816102445126 0.03943077474833 0.04029422253370 0.04071648791432 0.04075818136334 0.04050945490599 0.03995022177696 0.03912967443466 0.03809580951929 0.03680627048016 0.03530142083764 0.03364391624928 0.03181502223015 0.02986528724432 0.02784840762615 0.02572110109031 0.02349872328341 0.02120507135987 0.01878834702075 0.01626851595938
-0.01155869103968 -0.00960807036608 -0.00758038647473 -0.00547377159819 -0.00331736332737 -0.00110524846241 0.00116285099648 0.00345694273710 0.00578938564286 0.00816281512380 0.01053809281439 0.01292285136878 0.01531440299004 0.01767098717391 0.02000767365098 0.02233341149986 0.02461748756468 0.02689434960485 0.02919399365783 0.03148575872183 0.03379265964031 0.03608960285783 0.03825359418988 0.04021828621626 0.04189405217767 0.04317083954811 0.04404735937715 0.04455976933241 0.04470353573561 0.04456175863743 0.04418692737818 0.04354304820299 0.04267141968012 0.04158688336611 0.04025278612971 0.03872143104672 0.03703468292952 0.03517248481512 0.03318743407726 0.03109985962510 0.02886708080769 0.02652077190578 0.02407608367503 0.02150249481201
-0.00858058501035 -0.00649442151189 -0.00432709557936 -0.00209639524110 0.00019641386461 0.00254731182940 0.00493473187089 0.00735979480669 0.00982427690178 0.01230372022837 0.01479656621814 0.01729583553970 0.01977030187845 0.02221897803247 0.02464075013995 0.02701470814645 0.02935548685491 0.03168160095811 0.03398688137531 0.03629553318024 0.03861954808235 0.04089003056288 0.04305623099208 0.04503129050136 0.04670058190823 0.04801331087947 0.04895184934139 0.04951569437981 0.04976297169924 0.04975796118379 0.04949554428458 0.04900823533535 0.04830237850547 0.04734332114458 0.04615097865462 0.04474808648229 0.04312956333160 0.04133605584502 0.03939727321267 0.03729289025068 0.03504587337375 0.03267175331712 0.03015374764800 0.02752584777772
