java/reframeJava_export_HTRANS_grid/korrektur-ascii.grd
ncols 409
nrows 281
xllcorner 42000.0
yllcorner 460000.0
cellsize 1000.0
NODATA_value -9999
[rows 200 to 219 of 281, columns 264 to 307 of 409]
-0.00641472265124 -0.00729705579579 -0.00834821630269 -0.00952435377985 -0.01079169288278 -0.01212357264012 -0.01350688561797 -0.01491591613740 -0.01633673347533 -0.01776229031384 -0.01918809674680 -0.02061004936695 -0.02202434837818 -0.02342172339559 -0.02479534037411 -0.02614362351596 -0.02746574766934 -0.02876534685493 -0.03004632331431 -0.03131594881415 -0.03258402273059 -0.03386579453945 -0.03518309816718 -0.03655833005905 -0.03800955414772 -0.03953199461102 -0.04110908135772 -0.04270763695240 -0.04430085420609 -0.04587262868881 -0.04742932319641 -0.04899992048740 -0.05061677098274 -0.05230854079127 -0.05408440157771 -0.05594181269407 -0.05786519125104 -0.05983769521117 -0.06183800101280 -0.06384157389402 -0.06581936776638 -0.06773666292429 -0.06955558061600 -0.07124602049589
-0.00582174304873 -0.00670104892924 -0.00774995610118 -0.00892053917050 -0.01017926074564 -0.01150493789464 -0.01288330927491 -0.01429609581828 -0.01572870649397 -0.01717210747302 -0.01861825771630 -0.02006193436682 -0.02149987965822 -0.02292680740356 -0.02433671243489 -0.02572787180543 -0.02709915488958 -0.02845068089664 -0.02978484518826 -0.03110654093325 -0.03242721408606 -0.03376195579767 -0.03513462841511 -0.03656717389822 -0.03807634115219 -0.03966039419174 -0.04129540175200 -0.04294978454709 -0.04458867013454 -0.04619979858398 -0.04778528213501 -0.04937333241105 -0.05099656432867 -0.05268232524395 -0.05444088950753 -0.05626526102424 -0.05814033746719 -0.06004629656672 -0.06196481734514 -0.06387391686440 -0.06574922800064 -0.06756133586168 -0.06927842646837 -0.07087171077728
-0.00536846742034 -0.00624914886430 -0.00729592610151 -0.00845583342016 -0.00970060378313 -0.01101056672633 -0.01237552613020 -0.01378067024052 -0.01521379500628 -0.01666509732604 -0.01812439970672 -0.01958613842726 -0.02104805782437 -0.02250374481082 -0.02394959330559 -0.02538230456412 -0.02679857797921 -0.02819767035544 -0.02957884222269 -0.03094869293272 -0.03231684118509 -0.03369984030724 -0.03512205928564 -0.03660635277629 -0.03817236050963 -0.03981051966548 -0.04150008782744 -0.04320180788636 -0.04488433524966 -0.04652783647180 -0.04813409224153 -0.04973306879401 -0.05135615915060 -0.05303332954645 -0.05476948246360 -0.05655958130956 -0.05838529020548 -0.06022841855884 -0.06206985563040 -0.06389161944389 -0.06567250937223 -0.06738749146461 -0.06900808960199 -0.07051017880440
-0.00506830960512 -0.00595472753048 -0.00699595082551 -0.00814016629010 -0.00936228968203 -0.01064799912274 -0.01199107803404 -0.01338050048798 -0.01480594556779 -0.01625683158636 -0.01772287860513 -0.01919828541577 -0.02067931741476 -0.02216068096459 -0.02363840304315 -0.02510695531964 -0.02656246162951 -0.02800240181386 -0.02942559495568 -0.03083784878254 -0.03224863111973 -0.03367605432868 -0.03514436632395 -0.03667736053467 -0.03829228505492 -0.03998017311096 -0.04171787574887 -0.04346347972751 -0.04518225789070 -0.04685171321034 -0.04847498238087 -0.05008020997047 -0.05169974640012 -0.05336223542690 -0.05507346615195 -0.05682735145092 -0.05860501900315 -0.06038732454181 -0.06215629354119 -0.06389661133289 -0.06558977067471 -0.06721423566341 -0.06874556094408 -0.07016117125750
-0.00495519442484 -0.00584211153910 -0.00686678523198 -0.00798221677542 -0.00916954129934 -0.01042149588466 -0.01173412334174 -0.01310128718615 -0.01451139803976 -0.01595446281135 -0.01742105372250 -0.01890363916755 -0.02039775997400 -0.02189912088215 -0.02340159192681 -0.02489941380918 -0.02638682723045 -0.02786105871201 -0.02932087704539 -0.03076981380582 -0.03221989795566 -0.03368796035647 -0.03519954904914 -0.03677666187286 -0.03843484073877 -0.04016834124923 -0.04194677621126 -0.04373097047210 -0.04547820985317 -0.04717089608312 -0.04880757629871 -0.05041581019759 -0.05202830582857 -0.05367252603173 -0.05535770207644 -0.05707382410765 -0.05880404636264 -0.06052776053548 -0.06222907081246 -0.06389316916466 -0.06550516188145 -0.06704545766115 -0.06849328428507 -0.06982780992985
-0.00508936634287 -0.00594631303102 -0.00692330859601 -0.00798486452550 -0.00912103243172 -0.01032674033195 -0.01160187274218 -0.01293818932027 -0.01432667486370 -0.01575591973960 -0.01721563190222 -0.01869868114591 -0.02020011469722 -0.02171414718032 -0.02323496900499 -0.02475503459573 -0.02626865543425 -0.02777158841491 -0.02926151268184 -0.03074393793941 -0.03222851827741 -0.03373302146792 -0.03528176993132 -0.03689748048782 -0.03859827667475 -0.04037022590637 -0.04218702018261 -0.04400206357241 -0.04577743634582 -0.04748782888055 -0.04913165420294 -0.05073860660195 -0.05234023183584 -0.05396726727486 -0.05562373250723 -0.05730344727635 -0.05898683518171 -0.06065537407994 -0.06229252368212 -0.06388605386019 -0.06542217731476 -0.06688483059406 -0.06825475394726 -0.06951382756233
-0.00551838334650 -0.00626737112179 -0.00715196179226 -0.00813465844840 -0.00920337811112 -0.01035311911255 -0.01158194243908 -0.01288194954395 -0.01424303557724 -0.01565209589899 -0.01709916256368 -0.01857654750347 -0.02007847465575 -0.02159919962287 -0.02313197776675 -0.02466860599816 -0.02620254643261 -0.02772881090641 -0.02924534864724 -0.03075657971203 -0.03227172046900 -0.03380870819092 -0.03539130091667 -0.03704262152314 -0.03877795860171 -0.04058448597789 -0.04243391379714 -0.04427765682340 -0.04607488960028 -0.04779804497957 -0.04944733157754 -0.05105063691735 -0.05264065042138 -0.05424675345421 -0.05587489902973 -0.05751844495535 -0.05915745347738 -0.06077342852950 -0.06235055997968 -0.06387785822153 -0.06534384936094 -0.06673450767994 -0.06803235411644 -0.06922116875648
-0.00610027136281 -0.00672543188557 -0.00750340335071 -0.00839587394148 -0.00938925333321 -0.01047766022384 -0.01165601890534 -0.01291599869728 -0.01424488611519 -0.01562951877713 -0.01705890335143 -0.01852564327419 -0.02002325467765 -0.02154569327831 -0.02308535203338 -0.02463388442993 -0.02618333511055 -0.02772899903357 -0.02926845476031 -0.03080420196056 -0.03234699368477 -0.03391281515360 -0.03552647307515 -0.03720875456929 -0.03897320479155 -0.04081077128649 -0.04268610104918 -0.04455426707864 -0.04636654257774 -0.04810127988458 -0.04975420981646 -0.05135238915682 -0.05292932316661 -0.05451322346926 -0.05611384287477 -0.05772105976939 -0.05931764096022 -0.06088335439563 -0.06240476667881 -0.06387059390545 -0.06527174264193 -0.06659533828497 -0.06782650202513 -0.06894976645708
-0.00670463498682 -0.00723621295765 -0.00791732035577 -0.00872295722365 -0.00964354816824 -0.01067140698433 -0.01180047169328 -0.01301924604923 -0.01431470829993 -0.01567200198770 -0.01708118990064 -0.01853385940194 -0.02002401277423 -0.02154476009309 -0.02308813482523 -0.02464477159083 -0.02620702609420 -0.02776894904673 -0.02932690829039 -0.03088487498462 -0.03245114907622 -0.03404192253947 -0.03568063676357 -0.03738864883780 -0.03918229788542 -0.04104439914227 -0.04294433444738 -0.04482999444008 -0.04665851220489 -0.04840049147606 -0.05005183070898 -0.05164220556617 -0.05320366472006 -0.05476800724864 -0.05633985996246 -0.05791327357292 -0.05946840345860 -0.06098768860102 -0.06245633959770 -0.06386519223452 -0.06520590931177 -0.06646779179573 -0.06763679534197 -0.06869973987341
-0.00726032909006 -0.00773045467213 -0.00833820737898 -0.00907450541854 -0.00993308052421 -0.01090791448951 -0.01199152320623 -0.01317163277417 -0.01443414017558 -0.01576450280845 -0.01715247891843 -0.01858984492719 -0.02007082104683 -0.02158796414733 -0.02313276939094 -0.02469546906650 -0.02626764029264 -0.02784277126193 -0.02941722236574 -0.03099385090172 -0.03258017823100 -0.03419251367450 -0.03585353493690 -0.03758497163653 -0.03940045833588 -0.04128421097994 -0.04320399463177 -0.04510629549623 -0.04694574698806 -0.04869108647108 -0.05034057423472 -0.05192190781236 -0.05346836894751 -0.05501049757004 -0.05655487254262 -0.05809528008103 -0.05961195379496 -0.06108707934618 -0.06250644475222 -0.06386213749647 -0.06514698266983 -0.06635168194771 -0.06746365875006 -0.06847059726715
-0.00773692457005 -0.00817263964564 -0.00873390585184 -0.00942067056894 -0.01023235917091 -0.01116431504488 -0.01220951974392 -0.01335543300956 -0.01458790991455 -0.01589329354465 -0.01726098358631 -0.01868371292949 -0.02015521191061 -0.02166817523539 -0.02321306429803 -0.02478017099202 -0.02635994367301 -0.02794606238604 -0.02953469194472 -0.03112656436861 -0.03273081779480 -0.03436188027263 -0.03604325652122 -0.03779444843531 -0.03962736204267 -0.04153036326170 -0.04346431419253 -0.04538010433316 -0.04722468554974 -0.04897348582745 -0.05062040686607 -0.05219229683280 -0.05372335389256 -0.05524278804660 -0.05676122754812 -0.05826893076301 -0.05974913388491 -0.06118216738105 -0.06255623698235 -0.06386269629002 -0.06509614735842 -0.06624788790941 -0.06730730086565 -0.06826244294643
-0.00813465472311 -0.00855638552457 -0.00909012276679 -0.00974544417113 -0.01052400842309 -0.01142418384552 -0.01243960484862 -0.01355743966997 -0.01476449985057 -0.01604760624468 -0.01739754155278 -0.01880686171353 -0.02027016505599 -0.02177879400551 -0.02332358062267 -0.02489384077489 -0.02648029103875 -0.02807578444481 -0.02967537008226 -0.03128125891089 -0.03290019184351 -0.03454694896936 -0.03624363243580 -0.03801033645868 -0.03986202925444 -0.04177879914641 -0.04372688755393 -0.04565024748445 -0.04750248789787 -0.04925144463778 -0.05089144036174 -0.05245217680931 -0.05396623536944 -0.05546648800373 -0.05695826932788 -0.05843626335263 -0.05988108366728 -0.06127585470676 -0.06260721385479 -0.06386833637953 -0.06505414098501 -0.06615760177374 -0.06716855615377 -0.06807669997215
-0.00846586935222 -0.00888301711529 -0.00940392166376 -0.01004144083709 -0.01079946476966 -0.01167816668749 -0.01267128903419 -0.01376726757735 -0.01495377626270 -0.01621905528009 -0.01755432970822 -0.01895285397768 -0.02040897682309 -0.02191410586238 -0.02345872670412 -0.02503173798323 -0.02662355825305 -0.02822669781744 -0.02983630262315 -0.03145367279649 -0.03308491408825 -0.03474498912692 -0.03645527362823 -0.03823633864522 -0.04010035097599 -0.04202914610505 -0.04398766532540 -0.04591892659664 -0.04777448251843 -0.04952067881823 -0.05115454271436 -0.05270374566317 -0.05420209839940 -0.05568107962608 -0.05714806914330 -0.05859751254320 -0.06001010537148 -0.06136880815029 -0.06266068667173 -0.06387986987829 -0.06502215564251 -0.06608149409294 -0.06704854965210 -0.06791381537914
-0.00874204188585 -0.00916014891118 -0.00967746227980 -0.01030669640750 -0.01105439476669 -0.01191936247051 -0.01289697643369 -0.01397712063044 -0.01514838263392 -0.01640021800995 -0.01772463135421 -0.01911516115069 -0.02056582272053 -0.02206870727241 -0.02361327782273 -0.02518880367279 -0.02678503654897 -0.02839479595423 -0.03001321852207 -0.03163981437683 -0.03328233584762 -0.03495391458273 -0.03667696565390 -0.03846972435713 -0.04034265875816 -0.04228215292096 -0.04424642026424 -0.04618348553777 -0.04803751409054 -0.04978207871318 -0.05141000449657 -0.05294805020094 -0.05443096905947 -0.05588880553842 -0.05733299627900 -0.05875442177057 -0.06013694033027 -0.06146151944995 -0.06271767616272 -0.06389858573675 -0.06500136852264 -0.06602029502392 -0.06694760918617 -0.06777389347553
-0.00897029507905 -0.00939062424004 -0.00990977603942 -0.01053897477686 -0.01128255203366 -0.01214113924652 -0.01311014406383 -0.01418026722968 -0.01534159947187 -0.01658436283469 -0.01790146715939 -0.01928674988449 -0.02073469571769 -0.02223637700081 -0.02378196828067 -0.02535999193788 -0.02696090191603 -0.02857690304518 -0.03020216897130 -0.03183789551258 -0.03348958864808 -0.03517077118158 -0.03690252825618 -0.03870379552245 -0.04058820754290 -0.04253398999572 -0.04450516775250 -0.04644315689802 -0.04829934984446 -0.05003989860415 -0.05165829882026 -0.05318420752883 -0.05465066805482 -0.05609141290188 -0.05751241371036 -0.05890907347202 -0.06026262417436 -0.06155689060688 -0.06277962774038 -0.06392565369606 -0.06499223411083 -0.06597489863634 -0.06686610728502 -0.06765780597925
-0.00914906337857 -0.00957390759140 -0.01009953208268 -0.01073354575783 -0.01147985924035 -0.01233841571957 -0.01330449432135 -0.01437030360103 -0.01552678178996 -0.01676519215107 -0.01807893067598 -0.01946224458516 -0.02090930193663 -0.02241156809032 -0.02395906671882 -0.02554037049413 -0.02714585699141 -0.02876757271588 -0.03039995767176 -0.03204347938299 -0.03370309621096 -0.03539264574647 -0.03713257983327 -0.03894236311316 -0.04083291068673 -0.04278446361423 -0.04476003348827 -0.04670051112771 -0.04855557158589 -0.05029016360641 -0.05190070718527 -0.05341479554772 -0.05486669018865 -0.05628864839673 -0.05768864601851 -0.05906186252832 -0.06038965657353 -0.06165559217334 -0.06284780055285 -0.06396201997995 -0.06499597430229 -0.06594595313072 -0.06680507957935 -0.06756573915482
-0.00927112624049 -0.00970424525440 -0.01024060230702 -0.01088536344469 -0.01164054498076 -0.01250499952585 -0.01347428932786 -0.01454140245914 -0.01569830626249 -0.01693703047931 -0.01825135201216 -0.01963576115668 -0.02108433656394 -0.02258903905749 -0.02413954585791 -0.02572502195835 -0.02733520790935 -0.02896276488900 -0.03060227818787 -0.03225243091583 -0.03392010554671 -0.03561740741134 -0.03736582398415 -0.03918265923858 -0.04107721894979 -0.04303450137377 -0.04501104354858 -0.04695313423872 -0.04880334436893 -0.05053415894508 -0.05213786289096 -0.05364124849439 -0.05507941916585 -0.05648309364915 -0.05786444619298 -0.05921489372849 -0.06051901727915 -0.06175847724080 -0.06292368471622 -0.06400927156210 -0.06501420587301 -0.06593471765518 -0.06676524877548 -0.06749825924635
-0.00932583492249 -0.00977322738618 -0.01032680179924 -0.01098873652518 -0.01175929885358 -0.01263617537916 -0.01361495349556 -0.01468930765986 -0.01585182547569 -0.01709515228868 -0.01841371506453 -0.01980216056108 -0.02125514298677 -0.02276411280036 -0.02431939914823 -0.02590982802212 -0.02752600796521 -0.02916002832353 -0.03080569021404 -0.03246350213885 -0.03413817286491 -0.03584237024188 -0.03759638592601 -0.03941825404763 -0.04132063314319 -0.04328048974276 -0.04526046290994 -0.04720047116280 -0.04905065894127 -0.05077626928687 -0.05237037688494 -0.05386269837618 -0.05528664588928 -0.05667659640312 -0.05803910642862 -0.05937024578452 -0.06065193563700 -0.06186858192086 -0.06300889700651 -0.06406898796558 -0.06504767388105 -0.06594237685204 -0.06674762070179 -0.06745675951242
-0.00930402055383 -0.00977559760213 -0.01035433262587 -0.01104097720236 -0.01183379627764 -0.01272961217910 -0.01372401323169 -0.01481110043824 -0.01598405465484 -0.01723637059331 -0.01856276951730 -0.01995835453272 -0.02141784317791 -0.02293310686946 -0.02449461072683 -0.02609148621559 -0.02771427854896 -0.02935506403446 -0.03100802563131 -0.03267303109169 -0.03435439988971 -0.03606528788805 -0.03782539442182 -0.03965342044830 -0.04155941307545 -0.04352252185345 -0.04550456628203 -0.04744520783424 -0.04929309338331 -0.05101245269179 -0.05259938165545 -0.05408160015941 -0.05549373105168 -0.05686857923865 -0.05821477249265 -0.05952812358737 -0.06079057976604 -0.06198639050126 -0.06310454010963 -0.06414185464382 -0.06509760022163 -0.06596975028515 -0.06675311923027 -0.06744159013033
-0.00920289289206 -0.00971156917512 -0.01032442320138 -0.01104328315705 -0.01186496578157 -0.01278579514474 -0.01380135677755 -0.01490605343133 -0.01609385944903 -0.01735888794065 -0.01869636960328 -0.02010172791779 -0.02156984061003 -0.02309331670403 -0.02466242946684 -0.02626695856452 -0.02789702452719 -0.02954527921975 -0.03120616450906 -0.03287795186043 -0.03456696495414 -0.03628475964069 -0.03805220499635 -0.03988590463996 -0.04179440066218 -0.04376177117229 -0.04574352130294 -0.04768492281437 -0.04952768608928 -0.05124376341701 -0.05282521992922 -0.05429897084832 -0.05570052191615 -0.05706112086773 -0.05839356407523 -0.05968988686800 -0.06093526259065 -0.06211197003722 -0.06321127712727 -0.06422877311707 -0.06516480445862 -0.06601715832949 -0.06678177416325 -0.06745251268148
