java/reframeJava_export_HTRANS_grid/norm-ln02-ascii.grd
ncols 409
nrows 281
xllcorner 42000.0
yllcorner 460000.0
cellsize 1000.0
NODATA_value -9999
[rows 200 to 219 of 281, columns 176 to 219 of 409]
0.05515018850565 0.04972522333264 0.04332600533962 0.03627877309918 0.02905625663698 0.02202825993299 0.01545516494662 0.00961973052472 0.00514452671632 0.00278862123378 0.00395805994049 0.00259683607146 0.00182130828034 0.00205080211163 0.00325096957386 0.00531564047560 0.00812056940049 0.01147209573537 0.01511674374342 0.01876148581505 0.02194720320404 0.02431960776448 0.02566653676331 0.02599472366273 0.02546759508550 0.02437935583293 0.02295222133398 0.02138393186033 0.01979726180434 0.01822544448078 0.01671940088272 0.01531974226236 0.01400763168931 0.01277349609882 0.01161349937320 0.01053843926638 0.00959987845272 0.00887009408325 0.00836395286024 0.00809477455914 0.00805827602744 0.00823180656880 0.00862634368241 0.00928637664765
0.04936475306749 0.04481233656406 0.03898139670491 0.03247170895338 0.02581115439534 0.01938791200519 0.01348145306110 0.00839544367045 0.00460255937651 0.00278551876545 0.00322427647188 0.00300354673527 0.00304591096938 0.00382542959414 0.00549028720707 0.00805224105716 0.01141581777483 0.01542292349041 0.01970964670181 0.02391497045755 0.02753023058176 0.03006893396378 0.03137712925673 0.03149918466806 0.03068517148495 0.02925373986363 0.02753028832376 0.02569317258894 0.02388612367213 0.02216232940555 0.02053641900420 0.01903823204339 0.01766420342028 0.01638095080853 0.01518104504794 0.01408455614001 0.01313035655767 0.01238141674548 0.01187873352319 0.01161288004369 0.01158179715276 0.01177459117025 0.01219128817320 0.01286671124399
0.04267171397805 0.03905908390880 0.03405680879951 0.02825640887022 0.02232841961086 0.01658959500492 0.01131120789796 0.00671971635893 0.00321481213905 0.00132400158327 0.00145399139728 0.00202117906883 0.00298624602146 0.00454369885847 0.00691860355437 0.01016067340970 0.01429409999400 0.01914735883474 0.02425391040742 0.02920155227184 0.03324459865689 0.03587699308991 0.03700014948845 0.03682051226497 0.03565550222993 0.03389176726341 0.03185102343559 0.02976682968438 0.02776816859841 0.02588558010757 0.02414844743907 0.02256867103279 0.02112666517496 0.01980115473270 0.01856377907097 0.01743763312697 0.01646589674056 0.01571063511074 0.01519902609289 0.01494222413749 0.01492182258517 0.01512808166444 0.01556673366576 0.01626676879823
0.03640954568982 0.03342704474926 0.02914297394454 0.02411953359842 0.01896063052118 0.01392914541066 0.00925106927752 0.00508553581312 0.00167816632893 -0.00052270788001 -0.00033580802847 0.00063968135510 0.00221138703637 0.00450615445152 0.00760339153931 0.01156653184444 0.01658450439572 0.02255831286311 0.02869164198637 0.03442078828812 0.03894934058189 0.04149156808853 0.04225024208426 0.04166191071272 0.04012774303555 0.03804475814104 0.03575397282839 0.03347642347217 0.03131256625056 0.02930871956050 0.02748212218285 0.02582597546279 0.02433325536549 0.02297139912844 0.02170158363879 0.02055571973324 0.01957250013947 0.01880382932723 0.01829397305846 0.01804818771780 0.01803752779961 0.01826374046504 0.01872584223747 0.01944407261908
0.03116969019175 0.02849976718426 0.02483927272260 0.02056346088648 0.01613304018974 0.01183030940592 0.00776549754664 0.00410184683278 0.00108217995148 -0.00086809397908 -0.00118183006998 -0.00048145261826 0.00120863993652 0.00408288324252 0.00771993165836 0.01224127784371 0.01809173077345 0.02546518668532 0.03261724486947 0.03909551352262 0.04422202333808 0.04635906592011 0.04658621549606 0.04555406793952 0.04372701793909 0.04144378378987 0.03901137039065 0.03661972656846 0.03436740860343 0.03228739649057 0.03040076605976 0.02870268188417 0.02717106789351 0.02578373439610 0.02450444549322 0.02334132976830 0.02235361188650 0.02158758230507 0.02108104526997 0.02084498107433 0.02085776254535 0.02109848707914 0.02158545143902 0.02233378589153
0.02699225768447 0.02455374412239 0.02138203755021 0.01778450794518 0.01408158149570 0.01043082121760 0.00697901891544 0.00382454972714 0.00121147395112 -0.00056676822715 -0.00129293277860 -0.00103671313263 0.00042069089250 0.00381511822343 0.00778509257361 0.01235387939960 0.01855149492621 0.02761408686638 0.03530047833920 0.04214224219322 0.04797635227442 0.04947064444423 0.04927365854383 0.04806071892381 0.04615359753370 0.04386494681239 0.04144243896008 0.03906067833304 0.03680787235498 0.03472070395947 0.03281837701797 0.03110797517002 0.02957375720143 0.02818303927779 0.02689616382122 0.02574114874005 0.02475511096418 0.02399996481836 0.02351025305688 0.02329262904823 0.02332388982177 0.02359608933330 0.02410697750747 0.02488081343472
0.02374429814517 0.02153662592173 0.01883363164961 0.01585006155074 0.01274813897908 0.00969418697059 0.00678688799962 0.00411558290944 0.00188895640895 0.00029143891879 -0.00056120613590 -0.00062021013582 0.00042849982856 0.00463981740177 0.00855562929064 0.01251611672342 0.01801764033735 0.02899589762092 0.03599631041288 0.04193637147546 0.04711734876037 0.04939310252666 0.04977693781257 0.04894366860390 0.04731709510088 0.04526244103909 0.04302004352212 0.04077153652906 0.03861099854112 0.03657804429531 0.03470732644200 0.03302544355392 0.03151137381792 0.03013602457941 0.02887454815209 0.02773808687925 0.02676930837333 0.02603911980987 0.02557267993689 0.02537936158478 0.02544524706900 0.02574730664492 0.02628494799137 0.02709239162505
0.02120462059975 0.01927504502237 0.01699665561318 0.01451303809881 0.01194270141423 0.00938768964261 0.00696972431615 0.00477575557306 0.00294973864220 0.00168759725057 0.00114679359831 0.00155172939412 0.00343324872665 0.00747678801417 0.01065799221396 0.01417005527765 0.01948176883161 0.02773560397327 0.03449448943138 0.04021351039410 0.04493750631809 0.04771649092436 0.04880293831229 0.04859401285648 0.04747117683291 0.04580193758011 0.04387049749494 0.04184050485492 0.03983407095075 0.03791241720319 0.03611825034022 0.03449181467295 0.03302772343159 0.03169387951493 0.03047335892916 0.02937561646104 0.02844532020390 0.02774633839726 0.02731942944229 0.02715979330242 0.02726098522544 0.02760059572756 0.02817582339048 0.02901368588209
0.01915944926441 0.01751636341214 0.01561987493187 0.01356166321784 0.01142995897681 0.00933820195496 0.00736963888630 0.00561476871371 0.00422635767609 0.00335600227118 0.00317307072692 0.00392554234713 0.00587539421394 0.00902547873557 0.01207712385803 0.01553252805024 0.02032380551100 0.02656368725002 0.03252917155623 0.03796525672078 0.04244104027748 0.04553837329149 0.04719836637378 0.04757321998477 0.04697392508388 0.04575074836612 0.04415402933955 0.04238961637020 0.04058102890849 0.03879918530583 0.03711228072643 0.03557783737779 0.03418360278010 0.03291563689709 0.03175121545792 0.03070594556630 0.02982470206916 0.02917930483818 0.02879296615720 0.02867940254509 0.02882490307093 0.02920603379607 0.02982165291905 0.03069845773280
0.01745776832104 0.01609441824257 0.01452726684511 0.01282376796007 0.01108544971794 0.00939596258104 0.00784043595195 0.00651590107009 0.00553309731185 0.00502584874630 0.00515225529671 0.00607226695865 0.00789110641927 0.01050028018653 0.01339011825621 0.01672432944179 0.02092217281461 0.02594273164868 0.03112574480474 0.03607267141342 0.04032533615828 0.04356154426932 0.04555410891771 0.04635311290622 0.04618132114410 0.04532719776034 0.04405005276203 0.04254852235317 0.04094111919403 0.03931934759021 0.03776392713189 0.03633103147149 0.03502669185400 0.03383962810040 0.03274649381638 0.03176855668426 0.03095250017941 0.03036046214402 0.03002781793475 0.02996792644262 0.03016020543873 0.03058864735067 0.03124903328717 0.03216049820185
0.01602583192289 0.01491287257522 0.01363140903413 0.01224594004452 0.01084637735039 0.00952419359237 0.00835062190890 0.00741007272154 0.00678905285895 0.00660139834508 0.00696790264919 0.00799861922860 0.00973342452198 0.01208429038525 0.01485250797123 0.01803653687239 0.02175578288734 0.02605182491243 0.03054892458022 0.03494143113494 0.03890378028154 0.04204759746790 0.04413955286145 0.04514916986227 0.04525114223361 0.04467034339905 0.04365798458457 0.04238586872816 0.04097241908312 0.03951679170132 0.03809999674559 0.03677964210510 0.03557630628347 0.03447810932994 0.03346895053983 0.03256710618734 0.03182474896312 0.03129506856203 0.03102338872850 0.03101662360132 0.03126116842031 0.03173581883311 0.03244224935770 0.03339229151607
0.01480365823954 0.01391616556793 0.01289234217256 0.01178853027523 0.01069750078022 0.00970019400120 0.00887061562389 0.00826491601765 0.00796155538410 0.00804485287517 0.00861102808267 0.00974120292813 0.01146367657930 0.01372633222491 0.01640953496099 0.01945886760950 0.02285516634583 0.02660400606692 0.03054546564817 0.03444281592965 0.03800203278661 0.04092432186008 0.04291076958179 0.04397307336330 0.04420341923833 0.04380561783910 0.04299489781260 0.04192397370934 0.04068940505385 0.03939474746585 0.03811883553863 0.03692235797644 0.03582755103707 0.03482915088534 0.03390420973301 0.03308830410242 0.03242245689034 0.03196462616324 0.03175532445312 0.03180764615536 0.03210272267461 0.03262970224023 0.03337986767292 0.03436499834061
0.01371548883617 0.01304148696363 0.01225350517780 0.01140831876546 0.01059084478766 0.00988615956157 0.00935549568385 0.00904361438006 0.00901431404054 0.00933013204485 0.01006980706006 0.01130259223282 0.01305877137929 0.01529620774090 0.01792744733393 0.02085633575916 0.02398997545242 0.02734238840640 0.03080772981048 0.03420205041766 0.03733280301094 0.03991876542568 0.04171803221107 0.04271936044097 0.04298873245716 0.04271100088954 0.04206143319607 0.04116227850318 0.04009723290801 0.03895959630609 0.03782464563847 0.03675382584333 0.03577248007059 0.03487432375550 0.03404751792550 0.03332191705704 0.03273807838559 0.03235502541065 0.03221241012216 0.03232334181666 0.03267469257116 0.03325121477246 0.03404160216451 0.03506308794022
0.01268626004457 0.01222183182836 0.01164770033211 0.01104253064841 0.01047992333770 0.01003246102482 0.00976082123816 0.00970863178372 0.00991419982165 0.01043493766338 0.01132658775896 0.01265317481011 0.01443825662136 0.01665836758912 0.01920880377293 0.02199727855623 0.02491440437734 0.02790076658130 0.03093290887773 0.03388407081366 0.03656990453601 0.03880350291729 0.04039509221911 0.04128380864859 0.04156704992056 0.04138214886189 0.04086604341865 0.04011809453368 0.03921493515372 0.03822615742683 0.03723099082708 0.03628987818956 0.03542217984796 0.03462887555361 0.03390776738524 0.03327507153153 0.03278037905693 0.03247681632638 0.03240394592285 0.03257341682911 0.03298184648156 0.03360450640321 0.03443766385317 0.03549442067742
0.01171796303242 0.01143346074969 0.01106640882790 0.01067673321813 0.01034262403846 0.01012582890689 0.01008014846593 0.01024835649878 0.01066113356501 0.01135318633169 0.01236963644624 0.01376119349152 0.01555434335023 0.01772733777761 0.02018314413726 0.02280704118311 0.02546769380569 0.02814073301852 0.03077612817287 0.03331751376390 0.03562720865011 0.03753838688135 0.03890491276979 0.03969942033291 0.03997466340661 0.03986946865916 0.03946991264820 0.03885898366570 0.03810080513358 0.03725597262383 0.03639424592257 0.03558437526226 0.03483407199383 0.03414867818356 0.03352917358279 0.03299535810947 0.03258832916617 0.03236920759082 0.03236476704478 0.03259491920471 0.03305858746171 0.03373100608587 0.03460355848074 0.03569192439318
0.01083899196237 0.01072187442333 0.01053409837186 0.01033773645759 0.01020423602313 0.01018339302391 0.01032972615212 0.01068508811295 0.01126575469971 0.01209485810250 0.01320235431194 0.01462890580297 0.01639933697879 0.01849257387221 0.02081273868680 0.02324008755386 0.02566445060074 0.02803373709321 0.03032296337187 0.03251644223928 0.03449377417564 0.03612956777215 0.03732095286250 0.03802677616477 0.03830325230956 0.03826078400016 0.03796129301190 0.03747200593352 0.03684654086828 0.03613330051303 0.03540267050266 0.03471432998776 0.03407581895590 0.03349589556456 0.03297879174352 0.03254027292132 0.03222334757447 0.03208227455616 0.03214531019330 0.03243600204587 0.03295204788446 0.03366960585117 0.03457957506180 0.03569499403238
0.01013946346939 0.01015191990882 0.01012006122619 0.01008633617312 0.01011164393276 0.01025370880961 0.01055272202939 0.01104924641550 0.01175645273179 0.01268317643553 0.01384481508285 0.01527586020529 0.01699342392385 0.01897795870900 0.02114370837808 0.02337547764182 0.02556615695357 0.02766903676093 0.02967140823603 0.03156019747257 0.03327148407698 0.03468718379736 0.03572538495064 0.03636669367552 0.03664666414261 0.03664603456855 0.03643627092242 0.03605091199279 0.03553483635187 0.03494656831026 0.03433503210545 0.03375086933374 0.03321907669306 0.03273710235953 0.03231115639210 0.03196540474892 0.03173431381583 0.03166205435991 0.03179233893752 0.03213677555323 0.03269670531154 0.03345534205437 0.03440007194877 0.03553597256541
0.00965988636017 0.00977466534823 0.00985607784241 0.00994911510497 0.01009952835739 0.01035651005805 0.01076743565500 0.01136497687548 0.01215435937047 0.01313750725240 0.01431357953697 0.01571550779045 0.01735753566027 0.01922425627708 0.02123415470123 0.02328013442457 0.02524737268686 0.02711503580213 0.02887181565166 0.03052222914994 0.03200789913535 0.03325059264898 0.03416315093637 0.03474253043532 0.03502146527171 0.03506219759583 0.03491590172052 0.03462076932192 0.03420158475637 0.03371401876211 0.03320830687881 0.03272278234363 0.03228056803346 0.03188914433122 0.03154514729977 0.03128030896187 0.03112635016441 0.03112070448697 0.03130480274558 0.03169939666986 0.03229918330908 0.03309337422252 0.03406717628241 0.03521729633212
0.00940405391157 0.00958303734660 0.00974785629660 0.00993061996996 0.01016440149397 0.01050132606179 0.01098405569792 0.01163826417178 0.01246845722198 0.01346564665437 0.01462553907186 0.01597324013710 0.01752306893468 0.01925965026021 0.02111155167222 0.02297439239919 0.02474708296359 0.02641137503088 0.02796318195760 0.02940625138581 0.03071058727801 0.03180559352040 0.03261417150497 0.03314320743084 0.03341710940003 0.03348133713007 0.03338991850615 0.03316618502140 0.03282755240798 0.03243042901158 0.03201498463750 0.03161118179560 0.03125013783574 0.03093502856791 0.03066544234753 0.03047467954457 0.03038801625371 0.03043933399022 0.03067385964096 0.03111020848155 0.03174406290054 0.03256783261895 0.03356071934104 0.03472142666578
0.00932196527719 0.00954403821379 0.00975980330259 0.00999992806464 0.01029106788337 0.01067526452243 0.01119400747120 0.01187243498862 0.01270618475974 0.01368626672775 0.01480526197702 0.01607742533088 0.01751819811761 0.01911756023765 0.02080393955112 0.02248926460743 0.02408885583282 0.02556575462222 0.02693718671799 0.02820937149227 0.02935158833861 0.03031478635967 0.03104280866683 0.03151747584343 0.03178052231669 0.03186995536089 0.03181532770395 0.03164819255471 0.03138675540686 0.03106114454567 0.03072087280452 0.03039577789605 0.03009991534054 0.02985113300383 0.02965535596013 0.02952531352639 0.02949882112443 0.02960720844567 0.02988311089575 0.03035293519497 0.03102031722665 0.03186156228185 0.03286925703287 0.03404152393341
