java/reframeJava_export_HTRANS_grid/norm-ln02-ascii.grd
ncols 409
nrows 281
xllcorner 42000.0
yllcorner 460000.0
cellsize 1000.0
NODATA_value -9999
[rows 160 to 179 of 281, columns 352 to 395 of 409]
-0.09844730049372 -0.09789691120386 -0.09738545119762 -0.09694542735815 -0.09660358726978 -0.09637885540724 -0.09627386182547 -0.09627883881330 -0.09635578840971 -0.09639877080917 -0.09629879146814 -0.09596160799265 -0.09536354243755 -0.09452995657921 -0.09352225065231 -0.09234251081944 -0.09096612036228 -0.08936210721731 -0.08750018477440 -0.08555451780558 -0.08369893580675 -0.08191453665495 -0.08013339340687 -0.07820770889521 -0.07604272663593 -0.07358074933290 -0.07082164287567 -0.06785365194082 -0.06476780027151 -0.07941365987062 -0.07901015877724 -0.07864696532488 -0.07831935584545 -0.07801873981953 -0.07774191349745 -0.07748799771070 -0.07726008445024 -0.07705777883530 -0.07687793672085 -0.07671378552914 -0.07656089961529 -0.07641585171223 -0.07627657800913 -0.07613772153854
-0.09729387611151 -0.09679570794106 -0.09632204473019 -0.09589981287718 -0.09554546326399 -0.09526696801186 -0.09506783634424 -0.09494207799435 -0.09485580027103 -0.09473447501659 -0.09449464827776 -0.09406528621912 -0.09342259913683 -0.09258162230253 -0.09157665818930 -0.09040834009647 -0.08906112611294 -0.08751560002565 -0.08580965548754 -0.08406014740467 -0.08235060423613 -0.08067931234837 -0.07897607982159 -0.07711741328239 -0.07502204924822 -0.07263727486134 -0.06997017562389 -0.06709898263216 -0.06412342190742 -0.07825471460819 -0.07783497869968 -0.07745911180973 -0.07712196558714 -0.07681485265493 -0.07653314620256 -0.07627552747726 -0.07604474574327 -0.07584058493376 -0.07565954327583 -0.07549473643303 -0.07534138113260 -0.07519599050283 -0.07505632936954 -0.07491742074490
-0.09618380665779 -0.09573483467102 -0.09529436379671 -0.09488373249769 -0.09451083093882 -0.09417903423309 -0.09389547258615 -0.09365322440863 -0.09342917054892 -0.09317035228014 -0.09280978143215 -0.09229594469070 -0.09161286801100 -0.09076800197363 -0.08978161960840 -0.08865287154913 -0.08736183494329 -0.08589898049831 -0.08431960642338 -0.08269990980625 -0.08109709620476 -0.07950542867184 -0.07785821706057 -0.07605989277363 -0.07402613759041 -0.07172321528196 -0.06915076076984 -0.06638160347939 -0.06350920349360 -0.07705116271973 -0.07662057131529 -0.07623674720526 -0.07589349895716 -0.07558323442936 -0.07529912143946 -0.07504060119390 -0.07480913400650 -0.07460512965918 -0.07442420721054 -0.07426036894321 -0.07410769909620 -0.07396328449249 -0.07382444292307 -0.07368627935648
-0.09511489421129 -0.09471146017313 -0.09430330246687 -0.09390125423670 -0.09351035207510 -0.09313053637743 -0.09276900440454 -0.09242613613605 -0.09209018945694 -0.09171557426453 -0.09125412255526 -0.09066677093506 -0.08994355052710 -0.08909539133310 -0.08813754469156 -0.08705499023199 -0.08582967519760 -0.08444502204657 -0.08295794576406 -0.08142825961113 -0.07990495115519 -0.07837280631065 -0.07677560299635 -0.07502799481153 -0.07306396216154 -0.07084048539400 -0.06835187971592 -0.06566938012838 -0.06287441402674 -0.07580527663231 -0.07536953687668 -0.07498129457235 -0.07463619858027 -0.07432500272989 -0.07404155284166 -0.07378368824720 -0.07355415821075 -0.07335162162781 -0.07317279279232 -0.07301080971956 -0.07286031544209 -0.07271766662598 -0.07258109003305 -0.07244486361742
-0.09408643096685 -0.09372801333666 -0.09334863722324 -0.09295529127121 -0.09254825860262 -0.09212626516819 -0.09169869869947 -0.09127201884985 -0.09084011614323 -0.09037047624588 -0.08982475101948 -0.08917285501957 -0.08841309696436 -0.08755981922150 -0.08662056177855 -0.08557811379433 -0.08440653234720 -0.08309116959572 -0.08167609572411 -0.08021252602339 -0.07874678820372 -0.07726433873177 -0.07571479678154 -0.07402432709932 -0.07212678343058 -0.06997914612293 -0.06757648289204 -0.06498261541128 -0.06228759884834 -0.07452187687159 -0.07408421486616 -0.07369560748339 -0.07335183769464 -0.07304303348064 -0.07276234030724 -0.07250753045082 -0.07228096574545 -0.07208165526390 -0.07190622389317 -0.07174770534039 -0.07160039246082 -0.07146086543798 -0.07132712006569 -0.07119364291430
-0.09309502691031 -0.09278038144112 -0.09242870658636 -0.09204365313053 -0.09162332862616 -0.09116565436125 -0.09068271517754 -0.09018509835005 -0.08967308700085 -0.08912443369627 -0.08850755542517 -0.08779904991388 -0.08700348436832 -0.08613472431898 -0.08520206063986 -0.08418335765600 -0.08305280655622 -0.08179471641779 -0.08043614774942 -0.07902887463570 -0.07761189341545 -0.07618072628975 -0.07468099147081 -0.07304783910513 -0.07121265679598 -0.06913863122463 -0.06681750714779 -0.06431126594543 -0.06170603260398 -0.07320307195187 -0.07276736944914 -0.07238269597292 -0.07204269617796 -0.07173870503902 -0.07146282494068 -0.07121340185404 -0.07099127769470 -0.07079710811377 -0.07062611728907 -0.07047209143639 -0.07032916694880 -0.07019396126270 -0.07006376981735 -0.06993398815393
-0.09213682264090 -0.09186336398125 -0.09153828024864 -0.09116270393133 -0.09073178470135 -0.09024173021317 -0.08971053361893 -0.08915242552757 -0.08857570588589 -0.08796064555645 -0.08728291839361 -0.08652121573687 -0.08568644523621 -0.08479514718056 -0.08386141061783 -0.08285890519619 -0.08175915479660 -0.08053902536631 -0.07922793179750 -0.07786669582129 -0.07650323957205 -0.07511908560991 -0.07367332279682 -0.07209433615208 -0.07032292336226 -0.06831656396389 -0.06606163829565 -0.06362552940845 -0.06108336523175 -0.07184825837612 -0.07141966372728 -0.07104139029980 -0.07070906460285 -0.07041164487600 -0.07014309614897 -0.06990032643080 -0.06968517601490 -0.06949702650309 -0.06933236867189 -0.06918380409479 -0.06904641538858 -0.06891633570194 -0.06879129260778 -0.06866607815027
-0.09121096134186 -0.09097400307655 -0.09067238867283 -0.09030467271805 -0.08986288309097 -0.08934614807367 -0.08877397328615 -0.08816546946764 -0.08753195405006 -0.08685981482267 -0.08612701296806 -0.08531780540943 -0.08444464951754 -0.08352885395288 -0.08258534967899 -0.08158966153860 -0.08051020652056 -0.07932440191507 -0.07805298268795 -0.07673679292202 -0.07541638612747 -0.07407873868942 -0.07268248498440 -0.07115546613932 -0.06943992525339 -0.06749193370342 -0.06530462950468 -0.06294023245573 -0.06048234552145 -0.07045815140009 -0.07003945112228 -0.06967132538557 -0.06934894621372 -0.06906132400036 -0.06880202889442 -0.06856794655323 -0.06836086511612 -0.06818062067032 -0.06802342087030 -0.06788198649883 -0.06775134056807 -0.06762763112783 -0.06750836968422 -0.06738876551390
-0.09032258391380 -0.09011270105839 -0.08982910960913 -0.08946314454079 -0.08901087939739 -0.08847112208605 -0.08786312490702 -0.08721051365137 -0.08652751892805 -0.08580473065376 -0.08502354472876 -0.08417135477066 -0.08326319605112 -0.08232206851244 -0.08136405795813 -0.08037053793669 -0.07930634915829 -0.07814803719521 -0.07691095024347 -0.07563351839781 -0.07434939593077 -0.07305381447077 -0.07169767469168 -0.07021758705378 -0.06854725629091 -0.06665540486574 -0.06453416496515 -0.06224150955677 -0.05985905975103 -0.06903298199177 -0.06862772256136 -0.06827277690172 -0.06796212494373 -0.06768678128719 -0.06743817776442 -0.06721500307322 -0.06701789796352 -0.06684708595276 -0.06669835746288 -0.06656556576490 -0.06644260883331 -0.06632646173239 -0.06621420383453 -0.06610091030598
-0.08948992192745 -0.08929210156202 -0.08901387453079 -0.08864590525627 -0.08817911893129 -0.08761262893677 -0.08697023242712 -0.08627627044916 -0.08555103838444 -0.08478423207998 -0.08396039158106 -0.08306637406349 -0.08212304115295 -0.08115583658218 -0.08018750697374 -0.07919334620237 -0.07814202457666 -0.07700051367283 -0.07578945159912 -0.07454088330269 -0.07329396903515 -0.07203178107738 -0.07071424275637 -0.06927179545164 -0.06764987856150 -0.06580933928490 -0.06374160200357 -0.06150815263391 -0.05917824432254 -0.06757605820894 -0.06718790531158 -0.06684790551662 -0.06655184179544 -0.06628954410553 -0.06605415791273 -0.06584273278713 -0.06565757095814 -0.06549729406834 -0.06535865366459 -0.06523511558771 -0.06512126326561 -0.06501334160566 -0.06490933895111 -0.06480355560780
-0.08873262256384 -0.08852680772543 -0.08823934197426 -0.08785651624203 -0.08736693859100 -0.08677159249783 -0.08609298616648 -0.08535958081484 -0.08459235727787 -0.08378411829472 -0.08291935175657 -0.08198814839125 -0.08101227134466 -0.08002186566591 -0.07903802394867 -0.07804089039564 -0.07699564099312 -0.07587015628815 -0.07468021661043 -0.07345777004957 -0.07223769277334 -0.07100634276867 -0.06972231715918 -0.06831852346659 -0.06673934310675 -0.06494600325823 -0.06293690949678 -0.06076653301716 -0.05851187184453 -0.06609451770782 -0.06572429090738 -0.06540121883154 -0.06512113660574 -0.06487418711185 -0.06465299427509 -0.06445505470037 -0.06428244709969 -0.06413391232491 -0.06400633603334 -0.06389339268208 -0.06378935277462 -0.06369080394506 -0.06359554082155 -0.06349787861109
-0.08807120472193 -0.08783208578825 -0.08751448243856 -0.08710116147995 -0.08657966554165 -0.08594776690006 -0.08522912859917 -0.08445292711258 -0.08364184945822 -0.08279155939817 -0.08188748359680 -0.08092133700848 -0.07991468161345 -0.07889978587627 -0.07789886742830 -0.07689519971609 -0.07585304230452 -0.07474222034216 -0.07357053458691 -0.07237210124731 -0.07117576897144 -0.06997523456812 -0.06872204691172 -0.06735619902611 -0.06581684947014 -0.06407444924116 -0.06212477385998 -0.06002299487591 -0.05783964321017 -0.06459335982800 -0.06424208730459 -0.06393797695637 -0.06367468833923 -0.06344392895699 -0.06323815882206 -0.06305526942015 -0.06289587169886 -0.06276049464941 -0.06264461576939 -0.06254275143147 -0.06244950741529 -0.06236123293638 -0.06227505579591 -0.06218626722693
-0.08750676363707 -0.08720900863409 -0.08684022724628 -0.08638153970242 -0.08581575751305 -0.08513547480106 -0.08436804264784 -0.08354341238737 -0.08268849551678 -0.08179625868797 -0.08085393905640 -0.07984966784716 -0.07881081849337 -0.07776958495378 -0.07675565779209 -0.07574613392353 -0.07470820099115 -0.07360464334488 -0.07245005667210 -0.07127132266760 -0.07010526210070 -0.06893305480480 -0.06771533936262 -0.06638578325510 -0.06489320099354 -0.06320228427649 -0.06130696088076 -0.05926354229450 -0.05713479220867 -0.06307289749384 -0.06274318695068 -0.06245822459459 -0.06221383810043 -0.06199992448092 -0.06181083619595 -0.06164350733161 -0.06149910762906 -0.06137701869011 -0.06127414479852 -0.06118404120207 -0.06110213696957 -0.06102465465665 -0.06094884499907 -0.06086944416165
-0.08702951669693 -0.08664672821760 -0.08620475977659 -0.08568292111158 -0.08505807071924 -0.08432104438543 -0.08349817246199 -0.08262141793966 -0.08171706646681 -0.08078125119209 -0.07979882508516 -0.07875989377499 -0.07769028097391 -0.07662606239319 -0.07559586316347 -0.07458038628101 -0.07354450970888 -0.07245327532291 -0.07131575047970 -0.07016037404537 -0.06901963055134 -0.06787842512131 -0.06669642031193 -0.06540787220001 -0.06396181881428 -0.06232263892889 -0.06048842892051 -0.05851161479950 -0.05646131932735 -0.06153308972716 -0.06122526153922 -0.06096129491925 -0.06073660403490 -0.06054137647152 -0.06037007272244 -0.06021946668625 -0.06009040400386 -0.05998290702701 -0.05989363417029 -0.05981629714370 -0.05974661558867 -0.05968074873090 -0.05961557477713 -0.05954634398222
-0.08661691844463 -0.08612191677094 -0.08558610081673 -0.08498149365187 -0.08428572863340 -0.08348480612040 -0.08259998261929 -0.08166646957397 -0.08071021735668 -0.07972928136587 -0.07870868593454 -0.07763804495335 -0.07654161006212 -0.07545663416386 -0.07441063225269 -0.07339073717594 -0.07235872745514 -0.07128173857927 -0.07016333937645 -0.06903312355280 -0.06791764497757 -0.06680987775326 -0.06566248834133 -0.06441716849804 -0.06301591545343 -0.06143316626549 -0.05966476351023 -0.05776048824191 -0.05578556656837 -0.05997121706605 -0.05968724936247 -0.05944552272558 -0.05924123898149 -0.05906642600894 -0.05891345068812 -0.05878090858459 -0.05866862088442 -0.05857652053237 -0.05850139260292 -0.05843800678849 -0.05838106200099 -0.05832754820585 -0.05827402323484 -0.05821527540684
-0.08623824268579 -0.08560918271542 -0.08496043831110 -0.08426135033369 -0.08348301798105 -0.08260452002287 -0.08165209740400 -0.08065667003393 -0.07964983582497 -0.07862661033869 -0.07757166028023 -0.07646837085485 -0.07534733414650 -0.07424339652061 -0.07319095730782 -0.07217018306255 -0.07114768773317 -0.07008191943169 -0.06898424774408 -0.06787778437138 -0.06679601967335 -0.06572076678276 -0.06461351364851 -0.06340975314379 -0.06206169724464 -0.06053659319878 -0.05882966518402 -0.05699164047837 -0.05507821589708 -0.05838907882571 -0.05813064798713 -0.05791225656867 -0.05773009732366 -0.05757571756840 -0.05744298547506 -0.05732880532742 -0.05723434314132 -0.05715847015381 -0.05709849670529 -0.05704929307103 -0.05700616538525 -0.05696540325880 -0.05692428350449 -0.05687712877989
-0.08586761355400 -0.08508639782667 -0.08430717885494 -0.08349724113941 -0.08262322843075 -0.08166351169348 -0.08063742518425 -0.07957827299833 -0.07851840555668 -0.07745359838009 -0.07636498659849 -0.07523747533560 -0.07409729808569 -0.07298170775175 -0.07192306965590 -0.07090591639280 -0.06989385932684 -0.06884783506393 -0.06777440756559 -0.06669748574495 -0.06564704328775 -0.06460866332054 -0.06354282796383 -0.06238719075918 -0.06109286472201 -0.05962705612183 -0.05798991397023 -0.05622620135546 -0.05439748987556 -0.05679255723953 -0.05655997619033 -0.05636576563120 -0.05620641261339 -0.05607403442264 -0.05596177652478 -0.05586692690849 -0.05579062551260 -0.05573151260614 -0.05568722635508 -0.05565310269594 -0.05562407523394 -0.05559679865837 -0.05556843429804 -0.05553312227130
-0.08547544479370 -0.08452709019184 -0.08360151946545 -0.08266979455948 -0.08169233053923 -0.08064529299736 -0.07954147458076 -0.07841632515192 -0.07730241119862 -0.07619678229094 -0.07507877051830 -0.07393360137939 -0.07278037816286 -0.07165827602148 -0.07059824466705 -0.06958878785372 -0.06859172135592 -0.06757186353207 -0.06652750819921 -0.06548540294170 -0.06446985155344 -0.06347370147705 -0.06245148181915 -0.06134808808565 -0.06010930240154 -0.05871026962996 -0.05714777857065 -0.05546693876386 -0.05372317880392 -0.05518829450011 -0.05498150736094 -0.05481268838048 -0.05467633903027 -0.05456585437059 -0.05447461828589 -0.05439992249012 -0.05434167757630 -0.05430013686419 -0.05427178367972 -0.05425262078643 -0.05423829704523 -0.05422494933009 -0.05420927703381 -0.05418621003628
-0.08499789983034 -0.08388143777847 -0.08281316608191 -0.08175633102655 -0.08067466318607 -0.07953343540430 -0.07834966480732 -0.07715637236834 -0.07599468529224 -0.07485286891460 -0.07371227443218 -0.07255011796951 -0.07138901203871 -0.07026378065348 -0.06921412795782 -0.06821868568659 -0.06724490225315 -0.06625075638294 -0.06524085253477 -0.06423501670361 -0.06326553225517 -0.06231354549527 -0.06134292855859 -0.06029348075390 -0.05911963060498 -0.05779089033604 -0.05630240589380 -0.05469910055399 -0.05303012207150 -0.05357844009995 -0.05339891836047 -0.05325475335121 -0.05314244329929 -0.05305390432477 -0.05298390239477 -0.05292924866080 -0.05288994684815 -0.05286547541618 -0.05285360664129 -0.05284973606467 -0.05285000428557 -0.05285077914596 -0.05284854769707 -0.05283793807030
-0.08437014371157 -0.08310151100159 -0.08189378678799 -0.08071900159121 -0.07953616231680 -0.07830747216940 -0.07704798132181 -0.07579412311316 -0.07458519935608 -0.07341302186251 -0.07225499302149 -0.07108658552170 -0.06992502510548 -0.06880732625723 -0.06776933372021 -0.06679406017065 -0.06584734469652 -0.06488887220621 -0.06391820311546 -0.06295669823885 -0.06203217804432 -0.06112993508577 -0.06021388992667 -0.05922516435385 -0.05811828374863 -0.05686253309250 -0.05545562133193 -0.05393878743052 -0.05236574634910 -0.05196364596486 -0.05181087926030 -0.05169228464365 -0.05160396546125 -0.05153794586658 -0.05148948356509 -0.05145511776209 -0.05143443867564 -0.05142762511969 -0.05143228173256 -0.05144391208887 -0.05145919322968 -0.05147438123822 -0.05148551240563 -0.05148774757981
