java/reframeJava_export_HTRANS_grid/norm-ln02-ascii.grd
ncols 409
nrows 281
xllcorner 42000.0
yllcorner 460000.0
cellsize 1000.0
NODATA_value -9999
[rows 220 to 239 of 281, columns 44 to 87 of 409]
0.00273087411188 0.00289713242091 0.00314770825207 0.00349076464772 0.00392160611227 0.00442109536380 0.00496862223372 0.00554696051404 0.00616876408458 0.00684923259541 0.00759750278667 0.00839111860842 0.00920002441853 0.00999028235674 0.01076918002218 0.01155020855367 0.01234649866819 0.01313443295658 0.01387905236334 0.01453761942685 0.01511244662106 0.01561713032424 0.01607530191541 0.01648321375251 0.01682574301958 0.01707686670125 0.01723557524383 0.01730911619961 0.01731368154287 0.01725070364773 0.01711289398372 0.01688181422651 0.01654544845223 0.01609800383449 0.01554459799081 0.01490102242678 0.01418039482087 0.01338947378099 0.01251797657460 0.01155560277402 0.01049833931029 0.00936939660460 0.00819278787822 0.00698814354837
0.00564845604822 0.00579643761739 0.00602498464286 0.00633780052885 0.00672428589314 0.00717727281153 0.00767321139574 0.00819381605834 0.00875805970281 0.00937813799828 0.01005622930825 0.01078056171536 0.01151778735220 0.01223523635417 0.01294244639575 0.01365037634969 0.01436611078680 0.01507454086095 0.01573879271746 0.01631987094879 0.01681970059872 0.01725015789270 0.01763047091663 0.01796181686223 0.01822816953063 0.01840640604496 0.01849367655814 0.01849544793367 0.01842532120645 0.01828645542264 0.01807238906622 0.01776753179729 0.01735663972795 0.01683179289103 0.01619857549667 0.01547027751803 0.01466288696975 0.01378596946597 0.01282432768494 0.01176510378718 0.01060753129423 0.00936835631728 0.00807695742697 0.00675637694076
0.00848591979593 0.00862231850624 0.00882446859032 0.00910499598831 0.00945682544261 0.00986123830080 0.01030826475471 0.01078244112432 0.01128980983049 0.01185045856982 0.01246709749103 0.01312078256160 0.01378810964525 0.01444092858583 0.01507646590471 0.01571232266724 0.01635347865522 0.01698201335967 0.01756804622710 0.01807833649218 0.01850449666381 0.01886427216232 0.01917210966349 0.01942967996001 0.01962304487824 0.01973355747759 0.01975247450173 0.01968719251454 0.01954671740532 0.01933714561164 0.01905111409724 0.01867645792663 0.01819591969252 0.01760096102953 0.01689279638231 0.01608878746629 0.01520224567503 0.01424350775778 0.01320097781718 0.01205626502633 0.01080515515059 0.00947139970958 0.00807881727815 0.00664920452982
0.01122551597655 0.01134452223778 0.01152613293380 0.01177490130067 0.01209092512727 0.01245780289173 0.01285885553807 0.01328434981406 0.01374306902289 0.01424625143409 0.01480430457741 0.01539692189544 0.01599841192365 0.01658361963928 0.01715459860861 0.01771971769631 0.01829098910093 0.01884769834578 0.01936114206910 0.01979898847640 0.02015936933458 0.02045075036585 0.02069277688861 0.02088272571564 0.02100965380669 0.02105470374227 0.02101221866906 0.02088380232453 0.02068037725985 0.02040485851467 0.02005429193377 0.01961635798216 0.01907421275973 0.01841630786657 0.01764169335365 0.01676753163338 0.01581132039428 0.01478475052863 0.01367114763707 0.01245386153460 0.01112251915038 0.00970243569463 0.00822370406240 0.00671101408079
0.01387448422611 0.01397937722504 0.01413759309798 0.01435736194253 0.01464255712926 0.01497053634375 0.01532849948853 0.01571297086775 0.01612339355052 0.01657445169985 0.01707759685814 0.01760934852064 0.01814740523696 0.01867306418717 0.01918036676943 0.01968039385974 0.02018459327519 0.02067149244249 0.02111530862749 0.02148978598416 0.02178688906133 0.02201633900404 0.02219589427114 0.02232276834548 0.02238779701293 0.02237485907972 0.02227523550391 0.02209003269672 0.02182798460126 0.02149331010878 0.02108488231897 0.02059056796134 0.01999370753765 0.01928026229143 0.01844737865031 0.01751395873725 0.01649949513376 0.01541245821863 0.01424021273851 0.01296158414334 0.01156364753842 0.01007559988648 0.00853035412729 0.00694575719535
0.01647415384650 0.01655806414783 0.01669828221202 0.01689165458083 0.01714065857232 0.01743476837873 0.01775413751602 0.01809389516711 0.01846229098737 0.01886444166303 0.01930904388428 0.01978458836675 0.02026296779513 0.02072705887258 0.02117579430342 0.02161406911910 0.02204982563853 0.02247149869800 0.02284959517419 0.02316150069237 0.02339990437031 0.02357200346887 0.02369067445397 0.02375957556069 0.02376629039645 0.02369820140302 0.02354541793466 0.02330835722387 0.02299216762185 0.02260414510965 0.02214200794697 0.02159711904824 0.02094983123243 0.02018795162439 0.01930619403720 0.01832178607583 0.01725604012609 0.01611923426390 0.01489546988159 0.01356629841030 0.01211833581328 0.01057575736195 0.00897616054863 0.00733876647428
0.01903040707111 0.01909759454429 0.01921357214451 0.01938259042799 0.01960120722651 0.01985833980143 0.02014164440334 0.02043996192515 0.02076191082597 0.02111691422760 0.02151003666222 0.02192746102810 0.02234973758459 0.02275398373604 0.02314213477075 0.02352021820843 0.02389475144446 0.02425134181976 0.02456854842603 0.02481913380325 0.02500029280782 0.02511683851480 0.02518097311258 0.02519299834967 0.02514624595642 0.02502535842359 0.02482318878174 0.02453722059727 0.02417193166912 0.02373359724879 0.02322327904403 0.02263239026070 0.02194274403155 0.02113824337721 0.02021152898669 0.01918305456638 0.01807310059667 0.01689577661455 0.01563349552453 0.01426436845213 0.01277165487409 0.01118695456535 0.00954404007643 0.00787051860243
0.02152565866709 0.02157351188362 0.02166968956590 0.02181497029960 0.02200096100569 0.02222521603107 0.02247237972915 0.02272946573794 0.02300986647606 0.02332002855837 0.02365987375379 0.02402391657233 0.02439067326486 0.02473781444132 0.02507017739117 0.02539172396064 0.02570471726358 0.02600144781172 0.02625953219831 0.02645365148783 0.02658182568848 0.02664690464735 0.02665774337947 0.02661803923547 0.02652077004313 0.02635194174945 0.02610433660448 0.02577362768352 0.02536327205598 0.02488027885556 0.02432695776224 0.02369601652026 0.02296855114400 0.02212633565068 0.02116398327053 0.02009878493845 0.01895367354155 0.01774359680712 0.01644976623356 0.01504784543067 0.01352622453123 0.01191022899002 0.01023856736720 0.00854037329555
0.02391440421343 0.02395009063184 0.02402389980853 0.02414437383413 0.02430525794625 0.02449421770871 0.02470638044178 0.02493053860962 0.02516922913492 0.02543581463397 0.02573040872812 0.02604142390192 0.02635570429265 0.02665431238711 0.02693307027221 0.02720166742802 0.02746103331447 0.02770082466304 0.02790411934257 0.02804959379137 0.02812806889415 0.02814668044448 0.02811110578477 0.02802429161966 0.02788110077381 0.02767073735595 0.02738205157220 0.02701292186975 0.02656415663660 0.02604355290532 0.02545318007469 0.02478834986687 0.02402912639081 0.02315820381045 0.02216828987002 0.02107685990632 0.01990563422441 0.01867011375725 0.01735424995422 0.01593230292201 0.01439254172146 0.01276088412851 0.01107382029295 0.00936041958630
0.02618486061692 0.02620493806899 0.02626245096326 0.02635889686644 0.02649317868054 0.02665538340807 0.02683448232710 0.02702370472252 0.02722813002765 0.02745343931019 0.02770533971488 0.02797245979309 0.02823904156685 0.02848938293755 0.02872287109494 0.02894223667681 0.02915341034532 0.02934486232698 0.02949980832636 0.02959856763482 0.02963572368026 0.02961196750402 0.02953599393368 0.02940870262682 0.02922625280917 0.02897902764380 0.02865734137595 0.02825541980565 0.02777497842908 0.02722276374698 0.02660308778286 0.02591305598617 0.02513174526393 0.02424073591828 0.02323055639863 0.02212006598711 0.02093211188912 0.01968588866293 0.01835976168513 0.01693085767329 0.01538282819092 0.01374455820769 0.01205432415009 0.01034809369594
0.02834636531770 0.02835486456752 0.02839427627623 0.02846884168684 0.02858110889792 0.02871536649764 0.02886363863945 0.02902442961931 0.02919505722821 0.02938367426395 0.02959789149463 0.02982277423143 0.03004555217922 0.03025570698082 0.03044652752578 0.03062275797129 0.03079088404775 0.03093775175512 0.03104909323156 0.03110927715898 0.03110861405730 0.03104849532247 0.03093719854951 0.03077460825443 0.03055872209370 0.03028155118227 0.02993185259402 0.02950348518789 0.02899785526097 0.02842152491212 0.02778084017336 0.02707220613956 0.02627607434988 0.02537238597870 0.02435199543834 0.02323318086565 0.02204097248614 0.02079079672694 0.01946559362113 0.01803983002901 0.01649776473641 0.01486829016358 0.01319287903607 0.01150074880570
0.03043859452009 0.03043077513576 0.03045657090843 0.03051174990833 0.03059809282422 0.03070862777531 0.03082987107337 0.03095967136323 0.03110183030367 0.03125743195415 0.03143237158656 0.03162026405334 0.03180373832583 0.03197357803583 0.03212729841471 0.03226483613253 0.03239053115249 0.03249825537205 0.03257033973932 0.03259360790253 0.03255975991488 0.03246812149882 0.03232403472066 0.03213180601597 0.03188672289252 0.03158298879862 0.03120992705226 0.03076094575226 0.03023533336818 0.02964199893177 0.02898550964892 0.02826406620443 0.02745860069990 0.02655021287501 0.02552849426866 0.02441098168492 0.02322217822075 0.02197708375752 0.02066087163985 0.01924915798008 0.01772627606988 0.01611922122538 0.01446925941855 0.01280354708433
0.03247585147619 0.03245572000742 0.03246344998479 0.03250101208687 0.03256620094180 0.03265061229467 0.03274703770876 0.03284937143326 0.03296034410596 0.03308506682515 0.03322684392333 0.03337687626481 0.03352465853095 0.03365752100945 0.03377358615398 0.03387486189604 0.03396427258849 0.03403328359127 0.03407031297684 0.03405936807394 0.03399412706494 0.03387343510985 0.03370156884193 0.03348103910685 0.03321113437414 0.03288476541638 0.03249237313867 0.03202662244439 0.03148545324802 0.03087802045047 0.03021099045873 0.02948310226202 0.02867562137544 0.02776889130473 0.02674934081733 0.02563858591020 0.02445953711867 0.02322989515960 0.02193302102387 0.02054516412318 0.01904550381005 0.01746865548193 0.01585211604834 0.01422827411443
0.03445509821177 0.03442035987973 0.03441369161010 0.03443467989564 0.03447692468762 0.03453881666064 0.03461130708456 0.03468598425388 0.03476992622018 0.03486617654562 0.03497382253408 0.03509038686752 0.03520416840911 0.03530172258615 0.03538431972265 0.03545243293047 0.03550564870238 0.03554031997919 0.03554436564445 0.03550209105015 0.03540888056159 0.03526214137673 0.03506414219737 0.03481968864799 0.03452808409929 0.03418227657676 0.03377399966121 0.03329457342625 0.03274194896221 0.03212542831898 0.03145263344049 0.03072200715542 0.02991629950702 0.02901419810951 0.02800473570824 0.02690668217838 0.02574438974261 0.02453431487083 0.02326187118888 0.02190118469298 0.02043647877872 0.01889742165804 0.01732365600765 0.01574558392167
0.03634746372700 0.03630329668522 0.03628104925156 0.03628496825695 0.03630981221795 0.03634835407138 0.03639785572886 0.03645089268684 0.03650833293796 0.03657731041312 0.03665683791041 0.03674104437232 0.03682307526469 0.03689147531986 0.03694246709347 0.03697995841503 0.03700266033411 0.03700536862016 0.03697920963168 0.03691100701690 0.03679202497005 0.03662281855941 0.03640386834741 0.03613899275661 0.03582877293229 0.03546820953488 0.03504674136639 0.03455813229084 0.03399924561381 0.03337834775448 0.03270326927304 0.03197423368692 0.03117298521101 0.03028100356460 0.02928750962019 0.02820764295757 0.02706644684076 0.02588058449328 0.02463551610708 0.02330837212503 0.02188564650714 0.02039052918553 0.01886427775025 0.01733676157892
0.03814179450274 0.03808657452464 0.03805315122008 0.03804111480713 0.03804815933108 0.03806926682591 0.03809767216444 0.03812859579921 0.03816493228078 0.03820883482695 0.03826240822673 0.03832051903009 0.03837445378304 0.03841473162174 0.03844002634287 0.03844986483455 0.03844564780593 0.03842216357589 0.03837028518319 0.03827812895179 0.03813956677914 0.03795116394758 0.03771493583918 0.03743435814977 0.03711010143161 0.03673859313130 0.03631014376879 0.03581644222140 0.03525467589498 0.03463340550661 0.03396058455110 0.03323885425925 0.03244905173779 0.03157230839133 0.03059637360275 0.02953891642392 0.02842273563147 0.02726892754436 0.02605888806283 0.02477150410414 0.02339069545269 0.02194372937083 0.02046775072813 0.01900024525821
0.03983966261148 0.03977672010660 0.03973153233528 0.03970525413752 0.03969837725163 0.03970202431083 0.03971130028367 0.03972505033016 0.03974125161767 0.03976339101791 0.03979523479939 0.03982909396291 0.03985805064440 0.03987598791718 0.03987784311175 0.03986419737339 0.03983740881085 0.03979083895683 0.03971702605486 0.03960672020912 0.03945139795542 0.03924799710512 0.03899917006493 0.03870700672269 0.03837348520756 0.03799593448639 0.03756409138441 0.03706949204206 0.03651034086943 0.03589374944568 0.03522923216224 0.03451865166426 0.03374419733882 0.03288643807173 0.03193539381027 0.03090585023165 0.02982235513628 0.02870321273804 0.02753257937729 0.02628855779767 0.02495850063860 0.02356533333659 0.02214866131544 0.02074140869081
0.04146369174123 0.04139084741473 0.04133692383766 0.04129872098565 0.04127645492554 0.04126571118832 0.04125897213817 0.04125489294529 0.04125464707613 0.04125819727778 0.04126838594675 0.04128185659647 0.04128943756223 0.04128592088819 0.04126827791333 0.04123492538929 0.04118708893657 0.04112172126770 0.04102967679501 0.04090330749750 0.04073490574956 0.04052089154720 0.04026232659817 0.03996349126101 0.03962458670139 0.03924402594566 0.03881274163723 0.03832231089473 0.03776983544230 0.03716390952468 0.03651186451316 0.03581598773599 0.03506112471223 0.03422829508781 0.03330716118217 0.03231272846460 0.03126699477434 0.03018628619611 0.02906037122011 0.02786650881171 0.02659244276583 0.02526183426380 0.02390998601913 0.02256548218429
0.04302484542131 0.04294480755925 0.04288040101528 0.04283191636205 0.04279740899801 0.04277177155018 0.04275096580386 0.04273167997599 0.04271445423365 0.04270141944289 0.04269401729107 0.04268757253885 0.04267668351531 0.04265448823571 0.04261828586459 0.04256762564182 0.04250304028392 0.04242026433349 0.04231352359056 0.04217400774360 0.04199513420463 0.04177328199148 0.04150881245732 0.04120521247387 0.04086472466588 0.04048540815711 0.04005847871304 0.03957593813539 0.03903362527490 0.03844054043293 0.03780505806208 0.03713002428412 0.03639978915453 0.03559692949057 0.03470810130239 0.03375135362148 0.03274738416076 0.03171380236745 0.03063788823783 0.02950061857700 0.02828452363610 0.02701823785901 0.02573472447693 0.02446448989213
0.04452521353960 0.04443706944585 0.04436470940709 0.04430715367198 0.04426003247499 0.04422211647034 0.04418850690126 0.04415450617671 0.04412323608994 0.04409572109580 0.04407100006938 0.04404787719250 0.04402043297887 0.04398125410080 0.04392961785197 0.04386432841420 0.04378418996930 0.04368755221367 0.04356857761741 0.04341844469309 0.04323201254010 0.04300500079989 0.04273698478937 0.04243240132928 0.04209357500076 0.04171794652939 0.04129838943481 0.04082620516419 0.04029769822955 0.03972161188722 0.03910673037171 0.03845448046923 0.03775190934539 0.03698065504432 0.03612957149744 0.03521485254169 0.03425738215446 0.03327176719904 0.03224926814437 0.03116927109659 0.03001757711172 0.02882026508451 0.02761003561318 0.02641247957945
