java/reframeJava_export_HTRANS_grid/norm-ln02-ascii.grd
ncols 409
nrows 281
xllcorner 42000.0
yllcorner 460000.0
cellsize 1000.0
NODATA_value -9999
[rows 120 to 139 of 281, columns 0 to 43 of 409]
-0.07645133137703 -0.07695873081684 -0.07745482772589 -0.07791625708342 -0.07832223176956 -0.07866933941841 -0.07897388935089 -0.07925719767809 -0.07953847199678 -0.07982311397791 -0.08011049032211 -0.08039396256208 -0.08067031949759 -0.08093888312578 -0.08120281994343 -0.08146552741528 -0.08172962069511 -0.08199528604746 -0.08226101845503 -0.08252510428429 -0.08096570521593 -0.08129496127367 -0.08161506056786 -0.08191124349833 -0.08217165619135 -0.08239956200123 -0.08260770142078 -0.08280832320452 -0.08300705999136 -0.08320337533951 -0.08339543640614 -0.08358205854893 -0.08376318961382 -0.08393891900778 -0.08411026746035 -0.08427864313126 -0.08444521576166 -0.08460973948240 -0.08477018028498 -0.08492431044579 -0.08507100492716 -0.08521038293839 -0.08534310013056 -0.08546992391348
-0.07536691427231 -0.07587944716215 -0.07637690752745 -0.07684060931206 -0.07724592089653 -0.07759515941143 -0.07790036499500 -0.07818634063005 -0.07846837490797 -0.07875493913889 -0.07904384285212 -0.07932929694653 -0.07960733026266 -0.07987754046917 -0.08014314621687 -0.08040754497051 -0.08067367225885 -0.08094113320112 -0.08120875805616 -0.08147452026606 -0.07978425174952 -0.08013123273849 -0.08046605437994 -0.08077555894852 -0.08104532212019 -0.08128204196692 -0.08149700611830 -0.08170520514250 -0.08191052824259 -0.08211369067430 -0.08231213688850 -0.08250512927771 -0.08269226551056 -0.08287356048822 -0.08305037766695 -0.08322415500879 -0.08339644223452 -0.08356656134129 -0.08373272418976 -0.08389197289944 -0.08404386788607 -0.08418838679790 -0.08432634919882 -0.08445853739977
-0.07429417967796 -0.07480582594872 -0.07530396431684 -0.07576815038919 -0.07617526501417 -0.07652575522661 -0.07683227211237 -0.07711919397116 -0.07740267366171 -0.07769107818604 -0.07798169553280 -0.07826884090900 -0.07854845374823 -0.07882040739059 -0.07908776402473 -0.07935405522585 -0.07962196320295 -0.07989129424095 -0.08016079664230 -0.08042845875025 -0.07860505580902 -0.07896636426449 -0.07931587100029 -0.07963825762272 -0.07991971075535 -0.08016549795866 -0.08038844168186 -0.08060377091169 -0.08081626892090 -0.08102647960186 -0.08123189955950 -0.08143150061369 -0.08162489533424 -0.08181220293045 -0.08199476450682 -0.08217422664165 -0.08235220611095 -0.08252815157175 -0.08269995450974 -0.08286465704441 -0.08302174508572 -0.08317127078772 -0.08331427723169 -0.08345170319080
-0.07322826981544 -0.07373771071434 -0.07423604279757 -0.07470016181469 -0.07510939240456 -0.07546035200357 -0.07576917111874 -0.07605688273907 -0.07634265720844 -0.07663192600012 -0.07692405581474 -0.07721250504255 -0.07749401777983 -0.07776781916618 -0.07803711295128 -0.07830527424812 -0.07857489585876 -0.07884621620178 -0.07911759614944 -0.07938721776009 -0.07742689549923 -0.07780183851719 -0.07816652208567 -0.07850258797407 -0.07879638671875 -0.07905170321465 -0.07928312569857 -0.07950548827648 -0.07972564548254 -0.07994292676449 -0.08015553653240 -0.08036188781261 -0.08056175708771 -0.08075534552336 -0.08094374835491 -0.08112899959087 -0.08131280541420 -0.08149451017380 -0.08167182654142 -0.08184214681387 -0.08200401067734 -0.08215833455324 -0.08230627328157 -0.08244829624891
-0.07216242700815 -0.07267571985722 -0.07317432016134 -0.07363974303007 -0.07404758036137 -0.07440023869276 -0.07470949739218 -0.07499968260527 -0.07528611272573 -0.07557718455791 -0.07587070018053 -0.07616105675697 -0.07644425332546 -0.07671970129013 -0.07699074596167 -0.07726072520018 -0.07753249257803 -0.07780575007200 -0.07807923853397 -0.07835070788860 -0.07624480873346 -0.07663982361555 -0.07702068984509 -0.07737198472023 -0.07767631113529 -0.07794145494699 -0.07818072289228 -0.07841178029776 -0.07863928377628 -0.07886432856321 -0.07908427715302 -0.07929781079292 -0.07950443029404 -0.07970432192087 -0.07989873737097 -0.08008971810341 -0.08027976751328 -0.08046735823154 -0.08065036684275 -0.08082579821348 -0.08099257946014 -0.08115120232105 -0.08130364865065 -0.08144990354776
-0.07110811769962 -0.07161936908960 -0.07211747020483 -0.07258232682943 -0.07299125939608 -0.07334474474192 -0.07365506142378 -0.07394609600306 -0.07423388212919 -0.07452665269375 -0.07482179254293 -0.07511378079653 -0.07539851963520 -0.07567576318979 -0.07594864070415 -0.07622060179710 -0.07649427652359 -0.07676958292723 -0.07704511284828 -0.07731869071722 -0.07506947964430 -0.07548003643751 -0.07587735354900 -0.07624300569296 -0.07656006515026 -0.07683539390564 -0.07708367705345 -0.07732266932726 -0.07755833864212 -0.07779151201248 -0.07801942527294 -0.07824057340622 -0.07845440506935 -0.07866109907627 -0.07886188477278 -0.07905914634466 -0.07925536483526 -0.07944904267788 -0.07963787019253 -0.07981872558594 -0.07999020069838 -0.08015311509371 -0.08030959218740 -0.08045945316553
-0.07006029784679 -0.07056813687086 -0.07106515765190 -0.07152888178825 -0.07193920761347 -0.07229270040989 -0.07260506600142 -0.07289685308933 -0.07318679243326 -0.07348031550646 -0.07377688586712 -0.07407005876303 -0.07435662299395 -0.07463578134775 -0.07491059601307 -0.07518447935581 -0.07546005398035 -0.07573741674423 -0.07601493597031 -0.07629074901342 -0.07389450818300 -0.07432056963444 -0.07473428547382 -0.07511505484581 -0.07544642686844 -0.07573264837265 -0.07599104940891 -0.07623858004808 -0.07648351043463 -0.07672531902790 -0.07696186751127 -0.07719137519598 -0.07741317152977 -0.07762720435858 -0.07783516496420 -0.07803933322430 -0.07824186980724 -0.07844234257936 -0.07863730937243 -0.07882360368967 -0.07900011539459 -0.07916750758886 -0.07932743430138 -0.07948093861341
-0.06901264935732 -0.06952293217182 -0.07001890987158 -0.07048276811838 -0.07089104503393 -0.07124574482441 -0.07155831903219 -0.07185245305300 -0.07214294373989 -0.07243807613850 -0.07273593544960 -0.07303088158369 -0.07331901043653 -0.07359980791807 -0.07387638092041 -0.07415208220482 -0.07442989200354 -0.07470928877592 -0.07498899102211 -0.07526680082083 -0.07271285355091 -0.07316105812788 -0.07359297573566 -0.07399070262909 -0.07433437556028 -0.07463284581900 -0.07490121573210 -0.07515972107649 -0.07541412860155 -0.07566581666470 -0.07591168582439 -0.07615038752556 -0.07638095319271 -0.07660292834044 -0.07681843638420 -0.07702991366386 -0.07724002003670 -0.07744746655226 -0.07764936983585 -0.07784131169319 -0.07802291214466 -0.07819473743439 -0.07835862040520 -0.07851512730122
-0.06797684729099 -0.06848374754190 -0.06897793710232 -0.06944019347429 -0.06984873116016 -0.07020374387503 -0.07051712274551 -0.07081194967031 -0.07110361754894 -0.07140028476715 -0.07169956713915 -0.07199596613646 -0.07228554040194 -0.07256808131933 -0.07284644991159 -0.07312414050102 -0.07340390235186 -0.07368537783623 -0.07396720349789 -0.07424725592136 -0.07153743505478 -0.07200281322002 -0.07245271652937 -0.07286658883095 -0.07322563976049 -0.07353676110506 -0.07381668686867 -0.07408560812473 -0.07435047626495 -0.07461248338223 -0.07486850768328 -0.07511701434851 -0.07535685598850 -0.07558755576611 -0.07581129670143 -0.07603074610233 -0.07624848186970 -0.07646358758211 -0.07667257636786 -0.07687081396580 -0.07705786824226 -0.07723428308964 -0.07740186899900 -0.07756157964468
-0.06694803386927 -0.06745024025440 -0.06794222444296 -0.06840236485004 -0.06881134957075 -0.06916593760252 -0.06948101520538 -0.06977630406618 -0.07006995379925 -0.07036720216274 -0.07066763192415 -0.07096513360739 -0.07125644385815 -0.07154073566198 -0.07182108610868 -0.07210073620081 -0.07238230109215 -0.07266596704721 -0.07294990122318 -0.07323217391968 -0.07036530971527 -0.07084680348635 -0.07131498306990 -0.07174581289291 -0.07212112843990 -0.07244537770748 -0.07273754477501 -0.07301694154739 -0.07329294085503 -0.07356531918049 -0.07383202016354 -0.07409057766199 -0.07434011250734 -0.07458025962114 -0.07481255382299 -0.07504032552242 -0.07526627182961 -0.07548921555281 -0.07570541650057 -0.07591070979834 -0.07610309869051 -0.07628424465656 -0.07645602524281 -0.07661868631840
-0.06591944396496 -0.06642261147499 -0.06691239774227 -0.06737171113491 -0.06777790933847 -0.06813312321901 -0.06844816356897 -0.06874544173479 -0.06903941184282 -0.06933808326721 -0.06963957101107 -0.06993865221739 -0.07023150473833 -0.07051733881235 -0.07079939544201 -0.07108093053102 -0.07136473059654 -0.07165044546127 -0.07193670421839 -0.07222105562687 -0.06918963044882 -0.06969529390335 -0.07018285244703 -0.07063241302967 -0.07102135568857 -0.07135917991400 -0.07166269421577 -0.07195459306240 -0.07224134355783 -0.07252494245768 -0.07280258834362 -0.07307194173336 -0.07333167642355 -0.07358130067587 -0.07382262498140 -0.07405879348516 -0.07429388910532 -0.07452524453402 -0.07474931329489 -0.07496137171984 -0.07515984028578 -0.07534561306238 -0.07552196085453 -0.07568794488907
-0.06490096449852 -0.06539960950613 -0.06588653475046 -0.06634328514338 -0.06674893945456 -0.06710400432348 -0.06741954386234 -0.06771723181009 -0.06801217049360 -0.06831213831902 -0.06861478090286 -0.06891518831253 -0.06920939683914 -0.06949685513973 -0.06978071480989 -0.07006425410509 -0.07034994661808 -0.07063779979944 -0.07092626392841 -0.07121286541224 -0.06802449375391 -0.06854806095362 -0.06905496120453 -0.06952185928822 -0.06992711871862 -0.07027870416641 -0.07059492170811 -0.07089828699827 -0.07119671255350 -0.07149200141430 -0.07178127765656 -0.07206191867590 -0.07233244925737 -0.07259240001440 -0.07284328341484 -0.07308887690306 -0.07333315908909 -0.07357345521450 -0.07380595058203 -0.07402572780848 -0.07423051446676 -0.07442177087069 -0.07460276782513 -0.07477235049009
-0.06388699263334 -0.06437995284796 -0.06486324220896 -0.06531687080860 -0.06572236865759 -0.06607644259930 -0.06639339029789 -0.06669149547815 -0.06698799878359 -0.06728832423687 -0.06759200990200 -0.06789319217205 -0.06818896532059 -0.06847824156284 -0.06876383721828 -0.06904926896095 -0.06933687627316 -0.06962671875954 -0.06991724669933 -0.07020626217127 -0.06686195731163 -0.06740292906761 -0.06792887300253 -0.06841378659010 -0.06883689016104 -0.06920295953751 -0.06953307986259 -0.06984832137823 -0.07015973329544 -0.07046721875668 -0.07076863944530 -0.07106149941683 -0.07134377211332 -0.07161453366280 -0.07187622785568 -0.07213217020035 -0.07238574326038 -0.07263626158237 -0.07287793606520 -0.07310563325882 -0.07331790030003 -0.07351558655500 -0.07370109856129 -0.07387558370829
-0.06287208199501 -0.06336405873299 -0.06384375691414 -0.06429522484541 -0.06469716876745 -0.06505157798529 -0.06536826491356 -0.06566803902388 -0.06596481055021 -0.06626621633768 -0.06657062470913 -0.06687323749065 -0.06717029213905 -0.06746086478233 -0.06774816662073 -0.06803529709578 -0.06832493096590 -0.06861683726311 -0.06890952587128 -0.06920043379068 -0.06569289416075 -0.06625933945179 -0.06680599600077 -0.06731083989143 -0.06774894148111 -0.06813072413206 -0.06847424805164 -0.06880408525467 -0.06912822276354 -0.06944912672043 -0.06976347416639 -0.07006917893887 -0.07036410272121 -0.07064621150494 -0.07091880589724 -0.07118553668261 -0.07145023345947 -0.07171099632978 -0.07196313887835 -0.07219921797514 -0.07241912931204 -0.07262375950813 -0.07281541079283 -0.07299462705851
-0.06186732649803 -0.06235298141837 -0.06282787024975 -0.06327516585588 -0.06367574632168 -0.06402946263552 -0.06434631347656 -0.06464649736881 -0.06494400650263 -0.06524629890919 -0.06555166095495 -0.06585524976254 -0.06615330278873 -0.06644544005394 -0.06673432141542 -0.06702315807343 -0.06731466203928 -0.06760849058628 -0.06790308654308 -0.06819627434015 -0.06453293561935 -0.06511798501015 -0.06568460166454 -0.06620775908232 -0.06666409224272 -0.06706157326698 -0.06741989403963 -0.06776305288076 -0.06810072809458 -0.06843511015177 -0.06876266002655 -0.06908156722784 -0.06938919425011 -0.06968317180872 -0.06996729224920 -0.07024538516998 -0.07052067667246 -0.07079249620438 -0.07105507701635 -0.07130026817322 -0.07152857631445 -0.07174066454172 -0.07193832099438 -0.07212345302105
-0.06087129563093 -0.06134876608849 -0.06181788071990 -0.06226013228297 -0.06265909224749 -0.06301119178534 -0.06332895159721 -0.06362933665514 -0.06392820179462 -0.06423055380583 -0.06453653424978 -0.06484069675207 -0.06513998657465 -0.06543363630772 -0.06572417914867 -0.06601469963789 -0.06630786508322 -0.06660363823175 -0.06690010428429 -0.06719549000263 -0.06337704509497 -0.06397899240255 -0.06456525623798 -0.06510694324970 -0.06558195501566 -0.06599473953247 -0.06636786460876 -0.06672400981188 -0.06707498431206 -0.06742204725742 -0.06776295602322 -0.06809414923191 -0.06841411441565 -0.06872063130140 -0.06901550292969 -0.06930466741323 -0.06959123909473 -0.06987324357033 -0.07014583796263 -0.07040147483349 -0.07063720375299 -0.07085692882538 -0.07106215506792 -0.07125266641378
-0.05988170206547 -0.06035538762808 -0.06081794947386 -0.06125563010573 -0.06164969503880 -0.06200079619884 -0.06231769174337 -0.06261940300465 -0.06291811168194 -0.06322112679482 -0.06352765858173 -0.06383273750544 -0.06413303315639 -0.06442795693874 -0.06471989303827 -0.06501195579767 -0.06530722975731 -0.06560479849577 -0.06590332835913 -0.06620076298714 -0.06221613287926 -0.06284429877996 -0.06345103681087 -0.06401274353266 -0.06450234353542 -0.06493045389652 -0.06531646102667 -0.06568665802479 -0.06605000793934 -0.06640972197056 -0.06676296144724 -0.06710704416037 -0.06743904948235 -0.06775630265474 -0.06806248426437 -0.06836181879044 -0.06865934282541 -0.06895251572132 -0.06923536211252 -0.06949935108423 -0.06974431872368 -0.06997122615576 -0.07018360495567 -0.07038170099258
-0.05891110375524 -0.05937523394823 -0.05983003601432 -0.06026111543179 -0.06065147370100 -0.06100036576390 -0.06131660193205 -0.06161802634597 -0.06191699579358 -0.06222057342529 -0.06252750009298 -0.06283320486546 -0.06313439458609 -0.06343057006598 -0.06372398138046 -0.06401783227921 -0.06431479007006 -0.06461426615715 -0.06491488218307 -0.06521449983120 -0.06106629595160 -0.06171317771077 -0.06234024465084 -0.06291998922825 -0.06342700123787 -0.06386980414391 -0.06426940113306 -0.06465215981007 -0.06502792239189 -0.06539984047413 -0.06576588004828 -0.06612214446068 -0.06646555662155 -0.06679476797581 -0.06711158156395 -0.06742115318775 -0.06772985309362 -0.06803356111050 -0.06832602620125 -0.06860052049160 -0.06885399669409 -0.06908844411373 -0.06930956244469 -0.06951528787613
-0.05795662477612 -0.05840953439474 -0.05885568633676 -0.05927901342511 -0.05966508388519 -0.06001079082489 -0.06032669544220 -0.06062740460038 -0.06092712283134 -0.06123032420874 -0.06153722852468 -0.06184325367212 -0.06214541569352 -0.06244279071689 -0.06273785233498 -0.06303340941668 -0.06333188712597 -0.06363344192505 -0.06393607705832 -0.06423787027597 -0.05991690233350 -0.06058276817203 -0.06123048812151 -0.06182960793376 -0.06235581636429 -0.06281431019306 -0.06322891265154 -0.06362440437078 -0.06401409208775 -0.06439872831106 -0.06477757543325 -0.06514695286751 -0.06550276279449 -0.06584388762712 -0.06617267429829 -0.06649356335402 -0.06681282818317 -0.06712846457958 -0.06743153184652 -0.06771621853113 -0.06797979772091 -0.06822355091572 -0.06845319271088 -0.06866906583309
-0.05701300501823 -0.05745847150683 -0.05789511278272 -0.05831105634570 -0.05868999660015 -0.05903283879161 -0.05934680998325 -0.05964772403240 -0.05994660034776 -0.06024984642863 -0.06055666506290 -0.06086309254169 -0.06116601079702 -0.06146433949471 -0.06176066771150 -0.06205778196454 -0.06235824152827 -0.06266161799431 -0.06296648085117 -0.06327036768198 -0.05875659361482 -0.05945170670748 -0.06012348458171 -0.06074551865458 -0.06128915399313 -0.06176571547985 -0.06219573691487 -0.06260816752911 -0.06301191449165 -0.06341133266687 -0.06380527466536 -0.06418874859810 -0.06455867737532 -0.06491325795650 -0.06525412201881 -0.06558714807034 -0.06592049449682 -0.06624793261290 -0.06656358391047 -0.06686007231474 -0.06713383644819 -0.06738797575235 -0.06762998551130 -0.06785631924868
